Id	Type	BuyPrice	SellPrice
0	1	1	1
1	2	756	204
2	2	816	149
3	2	841	240
4	5	521	576
5	2	-713	197
6	4	641	691
7	2	876	221
8	2	-877	-824
9	4		372
10	2	956	-412
11	1	656	480
12	4	967	305
13	4	724	421
14	2	818	473
15	2	710	494
16	1	749	199
17	5	751	360
18	4	997	269
19	1	598	399
20	2	714	302
21	3	893	366
22	2	963	-198
23	4	904	227
24	2		291
25	5	725	267
26	5	940	175
27	3		147
28	3		426
29	2	-772	419
30	4	838	368
31	2		-157
32	5	973	105
33	2	800	228
34	1		385
35	5	538	243
36	1	868	484
37	1	677	328
38	5	534	112
39	5	910	165
40	5	828	323
41	4	792	400
42	5	890	-195
43	4	564	115
44	2	926	311
45	3	535	-243
46	3	589	178
47	5	736	
48	1	-595	220
49	2	847	106
50	5	705	289
51	4	627	448
52	3	906	117
53	4		-254
54	1	-924	475
55	2	798	-292
56	4	909	-428
57	4		193
58	2	917	288
59	2		334
60	4		440
61	1	995	347
62	2	781	
63	1	776	-383
64	5	580	475
65	3	501	175
66	1	530	302
67	1		421
68	3		490
69	2	-939	-352
70	2	662	110
71	3		-394
72	4	542	343
73	1	976	1005
74	3	1000	423
75	1	980	161
76	4		365
77	4	858	223
78	3	620	
79	5		170
80	3	578	
81	2		174
82	1	-513	210
83	3	661	351
84	1	771	-375
85	5	899	
86	5	724	734
87	5	832	-403
88	4	651	362
89	2		337
90	2	640	184
91	2	730	287
92	2	-634	499
93	5	823	917
94	1	-687	431
95	1	672	413
96	4	710	141
97	4	835	241
98	2	654	215
99	2	743	
100	2	545	328
101	2	678	
102	4	866	309
103	2	665	-326
104	2	762	309
105	5	516	252
106	3	536	631
107	2	939	
108	3	-679	-360
109	3	805	890
110	3	507	-313
111	3	950	201
112	3	979	270
113	4	673	427
114	3	744	441
115	1	585	172
116	3	577	295
117	4	651	473
118	2	845	113
119	4	504	
120	1	705	247
121	2	670	110
122	1	810	142
123	4	744	165
124	2	714	338
125	2	-812	326
126	2	893	490
127	4	-670	287
128	4	539	258
129	4	631	
130	1	582	488
131	1	-972	492
132	2	573	322
133	2	807	274
134	3	884	-100
135	5	961	
136	4	-867	-454
137	5		427
138	2	923	
139	4	688	148
140	2	-628	-550
141	2	580	361
142	4	-718	165
143	4	979	-347
144	1	761	333
145	4	549	118
146	1	909	286
147	2	944	470
148	5	-629	
149	3	527	297
150	4	989	
151	1	875	399
152	1	904	-129
153	3	786	
154	5	587	271
155	1		322
156	3	673	276
157	3	721	387
158	1	734	433
159	1	729	810
160	3	981	140
161	4	564	652
162	2	740	254
163	3	568	258
164	4	805	185
165	4	844	279
166	5	563	594
167	4		366
168	5		470
169	5	952	480
170	3	782	228
171	2		159
172	5	820	425
173	5		341
174	5	746	
175	3	508	562
176	2	544	305
177	5	792	138
178	3	-514	377
179	2	528	605
180	3	576	627
181	4	974	-280
182	5		295
183	1	988	1065
184	5	831	202
185	2	531	120
186	5	660	493
187	4		-469
188	5	751	806
189	5	986	210
190	4	779	-395
191	2	687	185
192	3	610	407
193	5		228
194	3	825	348
195	5		220
196	1	914	
197	2	761	-417
198	5	842	210
199	4	677	419
200	5	618	663
201	2	921	377
202	1	967	
203	2	828	488
204	4	670	269
205	5	632	719
206	2		143
207	3	925	279
208	2	872	161
209	1	587	383
210	4	512	294
211	1	-676	
212	2	999	236
213	4	877	140
214	2		376
215	1	550	459
216	1	548	614
217	5	943	185
218	4	638	120
219	3	828	223
220	2	857	461
221	4	524	296
222	5	710	448
223	5	767	114
224	1	754	142
225	1	817	431
226	3	942	284
227	1	824	
228	3	931	-367
229	5	925	392
230	2	601	328
231	5		336
232	4		482
233	3	708	311
234	5	506	142
235	2	-885	330
236	5	695	367
237	1	707	138
238	4	845	455
239	1	564	197
240	5	724	453
241	5	889	
242	3	806	-491
243	5		
244	4	673	386
245	3	691	-199
246	4	-520	-430
247	4	508	-467
248	2	971	208
249	4	728	350
250	4	-834	-213
251	5	684	194
252	4	926	202
253	3	800	367
254	4	687	172
255	2	937	293
256	1	967	156
257	3	800	127
258	3	-600	-266
259	3	-554	250
260	2	581	226
261	3	987	354
262	2	809	273
263	5	837	127
264	2	654	-310
265	5	-653	106
266	1	818	409
267	4	779	297
268	2	727	344
269	3	839	
270	1	944	1039
271	4	629	406
272	4	895	452
273	2	564	353
274	5	615	300
275	2		419
276	4	673	252
277	5	899	287
278	1	-809	-782
279	5	850	
280	1	591	-333
281	4	-528	171
282	1	896	963
283	4	956	383
284	2	589	248
285	4		121
286	2	715	454
287	3	710	481
288	4	521	130
289	1	606	636
290	4	553	339
291	2	-817	323
292	4	549	-212
293	4	-992	
294	1	748	101
295	5	560	154
296	3	-878	491
297	4	642	214
298	3	-692	312
299	4	-788	225
300	2	731	348
301	5	772	173
302	5	679	105
303	2	951	1020
304	4	768	137
305	3	868	915
306	4	636	422
307	2	537	361
308	2	-657	218
309	1	968	
310	3	924	480
311	3	769	245
312	1	863	412
313	4	-675	
314	2	937	419
315	3	636	482
316	2	776	149
317	4	933	143
318	3	537	163
319	4		228
320	2	849	243
321	5	-657	375
322	3	948	301
323	2	822	109
324	4	880	-103
325	2	774	
326	5	863	169
327	2	638	468
328	3	669	454
329	2	694	259
330	2	648	743
331	1	803	856
332	3	986	
333	2	545	209
334	2	700	
335	3	-877	109
336	3	730	458
337	5	851	253
338	3	-845	101
339	1	596	414
340	2	952	411
341	1		282
342	2	542	235
343	4	969	449
344	1		264
345	4	-909	203
346	3	946	232
347	3	994	
348	1	726	373
349	2	611	361
350	2	601	218
351	2	989	101
352	2		435
353	3	541	295
354	4	995	373
355	4	842	
356	5	944	232
357	5	531	549
358	2		434
359	4	575	456
360	2	830	293
361	5	-843	327
362	4	732	-402
363	5	801	
364	5	681	286
365	4	581	102
366	3	989	-364
367	5	980	432
368	3	874	174
369	1		365
370	3	844	156
371	2		347
372	5	678	
373	5	726	107
374	1	597	-395
375	3	534	499
376	2	891	-497
377	1	973	336
378	1	552	198
379	3	766	271
380	1	-738	191
381	5	765	337
382	4	564	-374
383	3	737	
384	1		260
385	1	945	193
386	1	907	-441
387	1	650	444
388	5	925	
389	2	-500	350
390	5	951	
391	2	-932	416
392	2	786	370
393	2	545	234
394	2	652	236
395	2	607	623
396	4	-940	289
397	2	590	
398	4	-531	
399	1	706	-234
400	3	840	277
401	2	789	316
402	5		-446
403	3	-731	279
404	2	593	287
405	3	924	
406	2	651	
407	1	776	439
408	1	933	492
409	5	737	269
410	5	980	371
411	5	803	442
412	5	859	310
413	1	738	393
414	1	701	216
415	1	509	-185
416	3	516	290
417	3	651	254
418	2	675	320
419	2	556	206
420	1	629	449
421	2	927	342
422	4	768	384
423	3	-861	206
424	3	-995	253
425	5	822	238
426	5	886	
427	5	961	423
428	3	552	
429	3	537	418
430	4	558	-486
431	5		254
432	3	998	195
433	3		496
434	1	601	442
435	4	844	134
436	1	-975	306
437	1	713	328
438	2	830	470
439	5	872	922
440	4	606	176
441	5	783	429
442	4	923	282
443	4		385
444	4		333
445	2	949	-461
446	4	699	142
447	4	972	274
448	4	686	-212
449	1	-806	414
450	1	850	-447
451	3	883	164
452	4	-907	278
453	5	613	442
454	3	709	440
455	2	638	
456	1	912	424
457	3	698	-106
458	2	615	
459	3	-662	
460	4	681	266
461	2	-542	177
462	2	626	167
463	2	501	451
464	4	771	
465	1	681	
466	4	564	640
467	4		
468	3	984	236
469	5	850	252
470	4	727	-150
471	1		410
472	1	870	932
473	3	831	493
474	4	819	222
475	1	972	-132
476	2	609	659
477	3	981	-156
478	4	666	-182
479	4	717	326
480	2	538	
481	1	714	247
482	3	889	332
483	5	626	401
484	5	857	
485	1	806	462
486	3	958	139
487	4	-604	188
488	2	565	110
489	3	631	379
490	4	942	409
491	3	-701	383
492	1	658	400
493	4	951	458
494	5	534	146
495	2		261
496	2	936	489
497	2	704	157
498	5	555	
499	3	528	576
500	1	874	352
501	4		157
502	1	949	294
503	3	546	646
504	5	989	452
505	5		113
506	4	588	143
507	4	615	288
508	4	917	205
509	5	-599	161
510	3	502	249
511	3	740	382
512	2	508	343
513	2	995	465
514	4	950	447
515	1	572	296
516	5	805	
517	4	-583	281
518	1	536	198
519	5	665	136
520	1	726	794
521	5	703	371
522	4	911	216
523	5	-876	165
524	3	995	229
525	3	868	308
526	3		274
527	2	537	-200
528	5	867	463
529	4	628	124
530	5	539	635
531	4		227
532	1	848	900
533	2	917	437
534	5	616	386
535	3	-743	
536	2	594	
537	5	611	174
538	3	585	127
539	3	-799	
540	2	555	499
541	4	500	352
542	5		249
543	5	740	225
544	1		351
545	3	751	260
546	5	538	249
547	1		465
548	2	670	339
549	1	704	154
550	3	708	
551	4	761	839
552	4	567	296
553	1	867	-306
554	5	782	168
555	3	636	145
556	5	855	140
557	1	755	-352
558	3	570	200
559	4	639	316
560	3	616	442
561	5		
562	3	915	105
563	1	603	397
564	3		215
565	5		314
566	1	560	293
567	5	879	152
568	2	534	250
569	4	795	167
570	3	791	326
571	4	861	198
572	1	601	181
573	3	981	172
574	4	686	
575	4	-711	360
576	3	991	415
577	1		172
578	5	-952	-875
579	2	753	391
580	3	936	144
581	1	1000	287
582	4	706	
583	3	774	281
584	5	597	366
585	1	535	152
586	5	692	245
587	4	979	-275
588	3	766	447
589	4	526	-282
590	5	627	238
591	3	974	1068
592	1	550	640
593	3	503	483
594	2	648	140
595	1		400
596	2	978	332
597	3	908	
598	3	942	
599	4	-694	253
600	5	513	
601	3	-864	235
602	1	921	154
603	5	557	124
604	3	-696	358
605	3	-694	226
606	3	870	921
607	3	939	184
608	3	828	-221
609	5	865	434
610	2	713	-199
611	5	759	111
612	1	561	221
613	4	817	-335
614	4		129
615	3	696	450
616	5	798	420
617	2	913	
618	4	693	234
619	3	603	-256
620	2	984	
621	4	-991	-965
622	5		337
623	2	969	
624	4	589	437
625	1	828	168
626	5	807	226
627	3	922	365
628	1	607	-319
629	4	777	
630	2	636	265
631	5	591	207
632	4	861	
633	5	808	345
634	2	924	-255
635	5	518	259
636	5		-197
637	3	-588	-194
638	1	-786	
639	1	709	332
640	2	686	429
641	3		214
642	4	608	462
643	5	763	211
644	2	818	
645	2	549	449
646	5		-492
647	4	816	455
648	2	915	410
649	1	975	-151
650	4	623	305
651	4	798	230
652	2	-799	-270
653	2	648	153
654	1	-952	-144
655	3	-502	210
656	5	800	214
657	4	681	277
658	2		486
659	2		110
660	3	899	932
661	5	936	352
662	1	922	446
663	2	711	416
664	2	932	
665	4	811	305
666	2	599	161
667	5	772	
668	2	795	249
669	5	872	499
670	2	634	
671	1	814	452
672	2	595	154
673	5	678	290
674	2	-591	399
675	2	591	281
676	2	626	
677	5	880	197
678	5	872	294
679	4	668	344
680	5	783	149
681	3	670	348
682	5	622	240
683	4	651	393
684	5	987	
685	1	800	178
686	2	700	
687	4	986	308
688	2		361
689	2	651	719
690	3	908	351
691	4	630	398
692	5	648	151
693	4		427
694	1	865	325
695	4	893	131
696	5		-417
697	2	892	250
698	2		163
699	1	977	-300
700	1	650	
701	3		213
702	2	652	
703	3	-517	219
704	3		389
705	2	605	302
706	2	958	
707	4	966	374
708	1	833	269
709	2	688	
710	1		463
711	4	574	673
712	3	948	137
713	1	685	102
714	4	520	201
715	3	949	470
716	3	684	-236
717	2	731	-308
718	5	878	360
719	5		-256
720	2	922	387
721	1	861	135
722	1		481
723	1	975	-124
724	3	943	961
725	3	963	365
726	5	635	486
727	2	967	1010
728	1	560	495
729	2	861	276
730	2	824	272
731	4	663	
732	4	977	109
733	3	955	390
734	4	780	184
735	2	790	155
736	1		304
737	2	981	316
738	3	892	277
739	4	520	374
740	5	701	259
741	1	557	309
742	2	727	253
743	3	645	306
744	4	866	169
745	4	761	393
746	5	816	
747	3	830	486
748	3	606	
749	2	728	334
750	3	954	342
751	1		243
752	2	789	-190
753	3	826	468
754	2	583	297
755	3	819	160
756	5	821	483
757	4		169
758	5		442
759	3	642	162
760	1	614	164
761	2	501	376
762	5	975	381
763	2	653	731
764	2	614	692
765	2		456
766	4	885	199
767	2	611	265
768	4	803	
769	5	585	384
770	2	863	122
771	2	851	-473
772	2		-124
773	1		429
774	1	759	823
775	3	798	157
776	1	937	498
777	5	684	417
778	5	865	148
779	3	738	270
780	3	910	128
781	1	-843	368
782	4	701	788
783	4	716	113
784	4		278
785	2	806	262
786	1	842	216
787	3	979	312
788	1		349
789	1	904	359
790	5	538	562
791	1	566	279
792	2		473
793	4	811	353
794	3	-859	182
795	4		407
796	1	625	141
797	3	509	559
798	1	763	
799	4	703	261
800	3	929	979
801	5	-729	-699
802	3	792	212
803	2	556	317
804	3		-428
805	5	936	100
806	3	-567	347
807	4	725	230
808	4	765	
809	1		453
810	1	553	223
811	3	991	382
812	2	916	227
813	1	612	131
814	5	626	
815	3	-708	255
816	4	514	
817	5	-964	482
818	3	691	
819	3	-940	134
820	2	569	
821	1	811	118
822	4	806	164
823	3	658	162
824	4	512	304
825	5	819	408
826	2		366
827	2	510	599
828	5	953	226
829	3	811	
830	4	-600	264
831	2	571	630
832	5	785	142
833	4	521	-190
834	4	925	303
835	2	572	354
836	2	-786	127
837	1	823	259
838	5	529	-180
839	2	811	844
840	2	-575	194
841	2	908	187
842	5	957	463
843	2	886	472
844	3	814	465
845	1	941	-352
846	4	649	447
847	1	-881	362
848	5	-525	462
849	2	669	490
850	3	540	468
851	1	-757	411
852	4	797	413
853	1	765	356
854	2		236
855	4	715	
856	2	893	321
857	1	708	-437
858	1	837	338
859	5	743	-422
860	2	902	222
861	5	577	-414
862	3	-941	-412
863	4	816	355
864	5	696	291
865	1		287
866	5	558	380
867	3	893	222
868	4	703	395
869	1	-800	138
870	2	639	331
871	5	742	126
872	4	986	
873	4	753	148
874	5	994	243
875	1	569	220
876	4	645	113
877	4	594	468
878	1	845	883
879	5	515	286
880	1	547	210
881	2		324
882	2	508	156
883	2	941	197
884	3	597	462
885	1	812	437
886	5	979	-420
887	1	811	137
888	5	669	188
889	4	584	263
890	2	764	316
891	2	775	345
892	3	859	285
893	4	507	256
894	4	524	250
895	4	-951	-921
896	5	850	331
897	2	547	582
898	1	769	284
899	5	810	261
900	1	533	
901	2	751	-106
902	1	686	367
903	3	-524	323
904	3	722	136
905	1	817	136
906	2	685	204
907	2	884	482
908	3	914	-435
909	5	528	-180
910	4	-661	-651
911	2	657	114
912	1	702	109
913	2	-542	371
914	3	901	101
915	4	845	867
916	5	890	272
917	3	-727	344
918	3	698	174
919	3	842	414
920	5		-124
921	4	724	135
922	1	642	480
923	3	807	421
924	5	519	274
925	2	996	139
926	4	876	180
927	1	857	242
928	2	993	328
929	2	969	-111
930	1	-895	149
931	5	629	214
932	5	-773	461
933	4	-936	147
934	2	581	668
935	5	-940	228
936	3	881	434
937	5		-403
938	4		351
939	1	511	557
940	4	987	-391
941	5	704	117
942	4	749	485
943	3	822	462
944	4	563	368
945	1	973	240
946	2	674	388
947	5	-626	326
948	4	615	232
949	2	529	-389
950	5	639	350
951	4	-871	426
952	1	527	485
953	1	539	108
954	1	761	392
955	3	580	355
956	5	784	448
957	1	701	492
958	5	848	421
959	5	949	209
960	5	669	106
961	1	905	495
962	2	884	102
963	3	520	320
964	3	534	415
965	4	942	494
966	2	572	387
967	2	940	238
968	5	618	436
969	4	-794	300
970	1		278
971	1	762	171
972	1	-941	-923
973	5	791	251
974	1	836	362
975	4	958	341
976	3	708	
977	4	-707	
978	1	-713	129
979	2	606	-124
980	1	924	467
981	5	-850	159
982	4		489
983	2	632	
984	2	907	290
985	3	522	313
986	1	654	174
987	3	995	135
988	4	537	358
989	4	535	482
990	2	733	
991	4	516	613
992	3	961	488
993	3	907	142
994	3	718	317
995	4	797	875
996	5	753	233
997	1	860	137
998	1	-792	481
999	5	-710	
1000	2	822	456
1001	3	-573	467
1002	2	987	179
1003	4		217
1004	2	842	446
1005	4	620	129
1006	2	692	354
1007	1	869	
1008	4	592	400
1009	1	675	758
1010	5	-803	-131
1011	5	839	-343
1012	3	921	486
1013	3	793	491
1014	3	957	471
1015	2	764	255
1016	4	728	745
1017	2	629	135
1018	1	587	666
1019	3	639	334
1020	3	951	182
1021	1	851	
1022	1	-768	-138
1023	3	594	220
1024	1	913	157
1025	5		123
1026	3	653	730
1027	4	746	177
1028	3	723	180
1029	2	776	239
1030	5	938	344
1031	2	-586	-153
1032	5	611	
1033	5		157
1034	2	727	
1035	4	723	408
1036	4	771	868
1037	1	807	199
1038	3	511	279
1039	3	523	458
1040	3	512	-253
1041	2	886	
1042	3	696	410
1043	1		169
1044	4	-741	274
1045	5		432
1046	1		102
1047	3		226
1048	2	594	
1049	5	997	280
1050	4	832	317
1051	2	875	216
1052	5	794	140
1053	2	700	364
1054	4	977	-167
1055	1	-764	481
1056	3	965	445
1057	3	642	372
1058	4	726	145
1059	1	994	406
1060	3	586	103
1061	1	772	497
1062	4	881	198
1063	4	943	357
1064	2	509	
1065	5	562	398
1066	4	891	249
1067	4	840	465
1068	3	529	203
1069	2		208
1070	3	711	369
1071	2	811	258
1072	3	525	
1073	3	864	403
1074	1	728	202
1075	5	-509	356
1076	5	662	185
1077	4	511	100
1078	1		
1079	4	803	-197
1080	5	651	324
1081	4		-234
1082	2	970	350
1083	3	514	
1084	2	-583	254
1085	1	988	354
1086	3	751	807
1087	3	-881	
1088	4	968	392
1089	1	523	
1090	2	-639	241
1091	3	533	
1092	4	709	438
1093	5	586	607
1094	5	669	425
1095	4	892	252
1096	5	919	440
1097	1	716	-492
1098	3	-560	
1099	4	-859	431
1100	2	687	366
1101	1	670	193
1102	4	634	241
1103	4		407
1104	3	643	467
1105	3		116
1106	5	732	204
1107	4	704	-212
1108	5	899	168
1109	3	941	420
1110	5	989	439
1111	3	733	171
1112	4		354
1113	1	635	234
1114	3	735	290
1115	2	-896	174
1116	4	698	496
1117	5	503	164
1118	2	967	382
1119	1	871	-199
1120	1	771	247
1121	5	892	961
1122	4	853	427
1123	4	644	217
1124	3	997	344
1125	5	638	199
1126	5	592	202
1127	1	-743	147
1128	3	530	-331
1129	1	779	444
1130	1	894	140
1131	4	576	668
1132	2	664	163
1133	3	723	114
1134	4	859	893
1135	3	696	771
1136	1	864	460
1137	1	701	197
1138	4	595	161
1139	2	-610	324
1140	1	678	267
1141	4	-619	412
1142	2	833	
1143	1	662	
1144	1	731	
1145	1	893	119
1146	2	841	290
1147	1	986	353
1148	4		442
1149	1	926	945
1150	3	871	459
1151	1	778	256
1152	1	599	385
1153	1		-188
1154	4	861	313
1155	2	766	323
1156	5	612	
1157	4	918	
1158	5	745	331
1159	1	-842	229
1160	4		440
1161	4	970	1060
1162	1	-579	-367
1163	2		104
1164	4		462
1165	2		
1166	5	994	139
1167	4	613	-139
1168	1	562	490
1169	3	-966	491
1170	1	521	-489
1171	2		395
1172	1	532	426
1173	3	580	262
1174	4	620	395
1175	5	948	328
1176	5	919	974
1177	5	696	-500
1178	4	591	479
1179	1	-786	116
1180	4	-964	-943
1181	1	-642	458
1182	3	662	156
1183	5	978	407
1184	5	657	-198
1185	1	854	
1186	5	-833	314
1187	1	682	-108
1188	5	637	
1189	3		213
1190	1	966	270
1191	3	993	1010
1192	3	813	483
1193	1	768	468
1194	1	970	304
1195	5	933	204
1196	1	901	179
1197	4	-992	-978
1198	1	928	270
1199	3		156
1200	2	582	249
1201	4	778	399
1202	1	997	
1203	1	-546	-534
1204	3	724	-109
1205	3	561	440
1206	4	651	686
1207	3	1000	331
1208	1	887	
1209	2	590	-347
1210	5	632	336
1211	3	886	195
1212	3	511	
1213	3	630	-160
1214	3	709	119
1215	1	-805	117
1216	2	-747	
1217	4	969	290
1218	2	739	263
1219	2	947	494
1220	3	-940	166
1221	2	-844	147
1222	1		297
1223	3	627	345
1224	2	827	239
1225	3	749	265
1226	5	973	
1227	5	557	422
1228	3	753	415
1229	1	975	222
1230	3	846	217
1231	4	668	348
1232	2	955	339
1233	1	717	
1234	1	567	-241
1235	4	994	223
1236	4	-896	218
1237	5	748	280
1238	1	600	151
1239	1	-631	268
1240	5	675	741
1241	2	747	476
1242	1		397
1243	3		310
1244	5	-856	144
1245	1	623	491
1246	4	929	302
1247	2	933	476
1248	2	746	361
1249	3	761	332
1250	4	780	328
1251	5	660	115
1252	3	825	
1253	1	576	353
1254	1	974	463
1255	3	-872	143
1256	3	520	168
1257	1	965	431
1258	4	969	
1259	5	863	180
1260	1	-545	313
1261	4	657	193
1262	5	-926	-862
1263	3	885	-341
1264	1		342
1265	5	656	401
1266	3		487
1267	4	599	295
1268	2	700	173
1269	5	640	-169
1270	1	750	344
1271	2	-632	166
1272	1		322
1273	5	521	319
1274	3	521	321
1275	2	674	430
1276	4		195
1277	3	733	122
1278	2	524	345
1279	3	608	268
1280	5	837	445
1281	4	957	-348
1282	1		-299
1283	4	765	163
1284	1		104
1285	2	902	-471
1286	3	985	399
1287	1	-729	126
1288	3	-782	-735
1289	2	501	381
1290	1	841	
1291	3	790	420
1292	5	761	381
1293	1	989	-399
1294	5		333
1295	5		-490
1296	4	748	496
1297	3	550	
1298	5	640	497
1299	4	831	-274
1300	4	935	
1301	1	670	-182
1302	4	523	273
1303	4	956	157
1304	1	638	
1305	2	808	281
1306	3		275
1307	2	980	190
1308	3	979	268
1309	5	931	325
1310	3	-856	-787
1311	3	939	429
1312	1	643	
1313	4	866	187
1314	5	656	146
1315	2	608	177
1316	2		
1317	5		462
1318	2	578	427
1319	2	950	976
1320	3	-647	372
1321	4	937	368
1322	2	883	310
1323	3	930	160
1324	1	794	-337
1325	4	665	418
1326	3	712	773
1327	5	500	
1328	4	801	402
1329	4	869	175
1330	1	860	328
1331	2	731	348
1332	2	958	241
1333	1	746	
1334	4	-654	482
1335	3	-524	316
1336	4	854	-415
1337	1	813	101
1338	5	572	315
1339	4	547	409
1340	5	610	
1341	4	880	478
1342	5	846	431
1343	5	549	387
1344	5	637	
1345	5		410
1346	4		161
1347	3		169
1348	4	549	583
1349	1	692	163
1350	5	657	362
1351	1	-581	300
1352	2	806	203
1353	5	924	167
1354	4	799	167
1355	1	635	-193
1356	5	928	400
1357	1	-912	-888
1358	5	998	310
1359	2	993	103
1360	2	863	416
1361	1	587	155
1362	4	836	355
1363	3	756	
1364	1	-637	291
1365	2		254
1366	1	-772	149
1367	2	627	
1368	4	988	453
1369	5	722	106
1370	1	656	131
1371	2	578	133
1372	1	922	320
1373	3	637	654
1374	3		159
1375	4	819	
1376	2	991	282
1377	4	576	299
1378	5	969	482
1379	2	957	360
1380	4	699	370
1381	5	763	322
1382	1		456
1383	2	864	
1384	1	705	149
1385	5	901	253
1386	4	632	285
1387	2	685	391
1388	1	739	425
1389	5	-823	332
1390	2	889	172
1391	1	875	353
1392	3	514	336
1393	1		103
1394	4	889	-366
1395	5	979	445
1396	3	632	-333
1397	3	892	-305
1398	4	634	
1399	5		292
1400	1	807	190
1401	2	845	190
1402	2	844	475
1403	2	837	497
1404	2	-906	476
1405	1	984	-312
1406	5	903	177
1407	1	-925	-143
1408	2	799	
1409	1	662	349
1410	2	610	394
1411	2	-821	152
1412	3	517	529
1413	3	502	270
1414	3	-829	360
1415	1	877	302
1416	3	719	
1417	5	718	455
1418	5	656	447
1419	3	677	421
1420	1		124
1421	1	598	498
1422	1	640	197
1423	1	-751	
1424	1	-996	-927
1425	1	589	342
1426	3	722	
1427	2	551	183
1428	1	761	-193
1429	1	905	112
1430	2	909	416
1431	1	-821	313
1432	2	860	442
1433	3	763	359
1434	2	544	140
1435	4	848	149
1436	3	502	304
1437	3	921	340
1438	2	884	207
1439	4		-309
1440	4	900	292
1441	2	587	299
1442	1		324
1443	3	785	167
1444	2	780	343
1445	2		181
1446	5	604	370
1447	1	-740	306
1448	1	659	174
1449	2		
1450	5		-276
1451	2	864	
1452	2	928	288
1453	1	886	
1454	3		154
1455	4		187
1456	1	744	822
1457	4	864	448
1458	5	761	292
1459	3	799	180
1460	3	578	626
1461	1	679	250
1462	2	507	
1463	4	-965	315
1464	2	883	201
1465	4		327
1466	1	841	389
1467	5	614	275
1468	3	778	842
1469	5	647	-438
1470	2	697	445
1471	5	-934	
1472	3	-899	-848
1473	3	546	620
1474	1	836	458
1475	1		
1476	2	651	115
1477	4	520	168
1478	5	633	114
1479	5	592	246
1480	3	925	131
1481	3	837	470
1482	5	938	343
1483	4	819	283
1484	5		469
1485	3	608	
1486	4	935	402
1487	3	781	-427
1488	4	727	211
1489	5	714	
1490	2	572	-313
1491	4		-325
1492	2	991	
1493	1		408
1494	4	803	241
1495	4	742	813
1496	2	639	465
1497	5	982	417
1498	4	702	418
1499	2	-588	197
1500	5	942	215
1501	2	614	262
1502	4	942	227
1503	1	618	177
1504	1	731	129
1505	4	914	383
1506	2	916	178
1507	5	924	275
1508	4	-716	137
1509	1	867	
1510	1	559	278
1511	3	-563	124
1512	2	670	317
1513	2	910	
1514	5		302
1515	3	817	866
1516	2		307
1517	2		-285
1518	3	723	210
1519	1	901	193
1520	1	-951	-406
1521	1		237
1522	2	642	278
1523	1	993	177
1524	4		450
1525	4	775	421
1526	4	840	-207
1527	3	838	
1528	1		-269
1529	1	578	309
1530	4	940	957
1531	4	694	118
1532	2	-609	179
1533	1	700	183
1534	1	503	496
1535	5	983	-274
1536	1	871	363
1537	2	771	-265
1538	5	977	334
1539	2	544	417
1540	4	777	267
1541	2		143
1542	2	751	462
1543	1	932	496
1544	5	899	298
1545	3	990	193
1546	2	-924	313
1547	4		434
1548	1		-262
1549	1	659	332
1550	2	654	291
1551	2	817	831
1552	1	-962	412
1553	4	777	815
1554	1	999	207
1555	4	684	
1556	4	979	-459
1557	4	607	
1558	4	524	409
1559	3	773	800
1560	2		273
1561	2	533	142
1562	2	746	452
1563	5	683	378
1564	1	572	151
1565	3	519	181
1566	1	563	483
1567	5	-918	112
1568	1	814	-389
1569	3	1000	214
1570	2	841	359
1571	4	964	1058
1572	3	-944	190
1573	4	-927	211
1574	3	611	131
1575	5	636	
1576	3	709	769
1577	3	878	365
1578	2	643	435
1579	3	926	
1580	1	-640	176
1581	4	524	486
1582	2	863	940
1583	4	885	237
1584	3	816	887
1585	4	-943	407
1586	2		149
1587	3	707	-460
1588	2	681	-425
1589	1	812	261
1590	4	567	228
1591	4	885	
1592	5	697	222
1593	1	567	114
1594	5	811	159
1595	4	662	297
1596	2	631	-133
1597	4	776	328
1598	3	675	361
1599	2	553	137
1600	3	828	367
1601	4	882	443
1602	3	638	260
1603	1	669	212
1604	5		196
1605	4	541	446
1606	3	-862	-839
1607	1	639	441
1608	2	548	423
1609	1	635	473
1610	5	911	475
1611	4		280
1612	3	-904	127
1613	3	526	557
1614	4	-768	184
1615	3	956	129
1616	3		
1617	3	610	184
1618	4	920	474
1619	5	924	123
1620	3	546	366
1621	3	650	362
1622	2	-672	177
1623	2	866	177
1624	3	804	221
1625	4	829	924
1626	2	595	444
1627	4	682	213
1628	3	-833	353
1629	1	539	104
1630	3	523	
1631	1		118
1632	4	783	229
1633	1		419
1634	2	-972	102
1635	2	546	152
1636	4	613	474
1637	1	638	213
1638	3	784	414
1639	5	931	-406
1640	5	685	259
1641	3	542	367
1642	3	778	153
1643	3	982	178
1644	2	689	422
1645	1	719	417
1646	2	782	412
1647	4	620	354
1648	4	585	598
1649	1	527	173
1650	5	-890	451
1651	1	922	170
1652	4	-988	289
1653	4	-600	314
1654	2	990	348
1655	5	618	204
1656	2		271
1657	1	707	246
1658	4	776	455
1659	1	800	116
1660	4	598	184
1661	2		441
1662	2	866	
1663	2		271
1664	5	860	341
1665	2		
1666	1	536	475
1667	2	797	379
1668	2		398
1669	5	904	171
1670	1	991	207
1671	1	598	682
1672	4	840	397
1673	2	-705	402
1674	2	791	261
1675	4	902	
1676	3	868	347
1677	3	765	331
1678	2	938	-293
1679	2		210
1680	5	944	
1681	1	861	121
1682	3	875	
1683	2	899	
1684	3	948	
1685	5	730	-267
1686	1	828	452
1687	2	854	346
1688	1	922	395
1689	1	821	845
1690	1	742	313
1691	4	986	208
1692	5	768	130
1693	2	798	427
1694	4	646	
1695	5	718	-232
1696	2	-506	112
1697	3	975	110
1698	2	725	478
1699	5	959	206
1700	2	928	338
1701	4	873	
1702	1		
1703	1	820	480
1704	2		
1705	2	809	418
1706	3		385
1707	5	925	-369
1708	3	508	442
1709	1	637	341
1710	2	624	270
1711	2	983	1026
1712	2	862	411
1713	2	921	264
1714	2	719	183
1715	5	595	
1716	1	693	429
1717	4	-702	242
1718	3	702	732
1719	4		429
1720	5	994	415
1721	1	792	259
1722	1	660	147
1723	5		368
1724	3	509	178
1725	4	831	
1726	5	582	377
1727	1	714	805
1728	2	964	180
1729	3	836	382
1730	5	-647	282
1731	1	559	-369
1732	3	719	
1733	2	782	221
1734	4	622	169
1735	4		185
1736	1	627	263
1737	1	574	405
1738	5	826	907
1739	5	968	262
1740	3		-194
1741	5	584	357
1742	3	516	295
1743	4	-518	436
1744	3	1000	113
1745	2		458
1746	4	785	181
1747	3	997	269
1748	3	737	212
1749	5	877	457
1750	3	931	240
1751	1	592	213
1752	2	880	197
1753	1	-959	322
1754	5	857	882
1755	3	861	-359
1756	5	-997	261
1757	4	602	111
1758	5	-883	476
1759	4		492
1760	5	-697	457
1761	4	622	270
1762	2		
1763	3	706	102
1764	3	723	
1765	2	541	100
1766	4	519	172
1767	1	659	252
1768	4	650	152
1769	5	833	216
1770	1	606	344
1771	5	849	434
1772	5	567	
1773	4	885	296
1774	2	971	1046
1775	1		109
1776	5	718	406
1777	2		326
1778	2	1000	1090
1779	3	937	145
1780	1	763	
1781	4	588	
1782	3	-999	106
1783	3	-934	-150
1784	2	551	448
1785	1	620	237
1786	2	513	358
1787	2	764	450
1788	3	843	-284
1789	2	879	-433
1790	1	564	
1791	5	928	358
1792	5	770	-487
1793	5	652	439
1794	2	708	495
1795	4	622	331
1796	1	-508	453
1797	2	655	481
1798	4	843	343
1799	4	536	628
1800	1	-872	
1801	3	-854	431
1802	2	900	223
1803	5	886	155
1804	5		172
1805	4	-798	
1806	5	784	222
1807	2	537	264
1808	5	986	379
1809	4	978	
1810	1	995	276
1811	1	924	-199
1812	2		485
1813	5	852	195
1814	1	829	336
1815	1	619	332
1816	2	907	439
1817	4	629	
1818	2	619	298
1819	4	680	189
1820	2	555	
1821	2	-996	-434
1822	3	665	
1823	3	653	160
1824	1	718	466
1825	3	913	361
1826	2	736	
1827	1	660	440
1828	1	773	150
1829	2	974	
1830	1	627	300
1831	3	527	426
1832	4	870	180
1833	1	824	138
1834	3	785	493
1835	3	995	171
1836	2	581	
1837	3	643	193
1838	2		316
1839	4	975	282
1840	4	619	
1841	3	690	
1842	2		130
1843	3	880	
1844	1	616	659
1845	5	-756	292
1846	5	561	235
1847	1		349
1848	5		374
1849	2	988	
1850	5	-502	257
1851	1	605	201
1852	3	794	
1853	2	962	454
1854	5	633	416
1855	4	854	240
1856	1	-628	
1857	4	713	155
1858	3	703	192
1859	1	513	289
1860	5	-927	
1861	3	614	134
1862	2	740	
1863	5	804	445
1864	3	524	152
1865	4	617	188
1866	3		280
1867	5	703	328
1868	3		-263
1869	3	806	366
1870	3	795	848
1871	2	905	448
1872	1	853	
1873	3	586	324
1874	5	609	630
1875	2	732	443
1876	2	968	218
1877	4	559	
1878	1	905	457
1879	1	914	928
1880	3	822	408
1881	4	830	927
1882	3	635	-278
1883	4	617	334
1884	1	554	-412
1885	4	896	171
1886	5	757	
1887	2	717	246
1888	3	855	-443
1889	1		123
1890	2	702	-306
1891	3		233
1892	3	671	297
1893	1	567	422
1894	4	994	245
1895	1	733	164
1896	4		159
1897	5		-184
1898	2	883	939
1899	3	898	926
1900	1	947	217
1901	4	683	107
1902	5	948	138
1903	3	826	399
1904	2	568	595
1905	1	829	278
1906	1	630	257
1907	5	668	385
1908	5	662	440
1909	3	626	707
1910	5	655	433
1911	1	550	-356
1912	4		196
1913	5	-847	271
1914	1		330
1915	2	-853	
1916	4	607	429
1917	5	839	230
1918	1	744	373
1919	5	955	114
1920	2	745	251
1921	2	504	458
1922	1	803	395
1923	4	877	247
1924	2	934	983
1925	2	695	443
1926	3	525	471
1927	4	715	121
1928	4	645	362
1929	3	994	
1930	4	632	
1931	1	-956	455
1932	1	633	472
1933	5	760	213
1934	4	984	376
1935	5	735	270
1936	3	-588	-104
1937	2		114
1938	2	619	362
1939	5	750	
1940	5	787	389
1941	4	931	-417
1942	2	650	130
1943	2	814	177
1944	1	713	428
1945	2	931	441
1946	2	793	861
1947	2	622	
1948	4	700	
1949	1	903	-307
1950	5		131
1951	5		358
1952	3	744	435
1953	4	581	276
1954	1	822	262
1955	4	903	491
1956	1	945	255
1957	4	936	139
1958	5	657	242
1959	1	890	306
1960	1	809	377
1961	2	908	-306
1962	5	688	430
1963	1	993	255
1964	4	527	
1965	4	674	166
1966	4	939	-245
1967	3		399
1968	2	550	-122
1969	2	870	111
1970	4	918	-305
1971	2	602	149
1972	2	990	
1973	1		200
1974	5		394
1975	3		264
1976	4	825	840
1977	5	727	263
1978	2		461
1979	5	715	114
1980	5	872	262
1981	3	641	283
1982	4		372
1983	1	828	314
1984	4		315
1985	1	649	-428
1986	5	596	160
1987	5	-802	115
1988	2	959	168
1989	5	653	222
1990	5		429
1991	4	690	392
1992	2	734	
1993	4	762	380
1994	2	565	366
1995	4	629	298
1996	1	-515	104
1997	4	552	304
1998	2	871	106
1999	2	880	399
2000	2	953	184
2001	5	903	
2002	3	857	
2003	1	936	-238
2004	5	758	487
2005	1		-259
2006	4	643	395
2007	4	694	-364
2008	5	588	432
2009	5	662	330
2010	3	935	296
2011	1	690	404
2012	1	972	247
2013	1	-620	397
2014	1		182
2015	5		386
2016	5	813	149
2017	4	821	
2018	1	657	488
2019	1	539	112
2020	1	951	381
2021	5	706	732
2022	5	630	-285
2023	2	728	292
2024	3	988	
2025	3	726	485
2026	3	643	269
2027	3	530	
2028	5	679	
2029	4	753	829
2030	5	648	170
2031	3	-678	-645
2032	4	804	
2033	3		499
2034	4	807	-475
2035	1	693	
2036	1	780	411
2037	3	954	445
2038	1	614	640
2039	2	964	133
2040	3	688	492
2041	2	553	577
2042	4	833	407
2043	1	620	297
2044	5	759	-378
2045	5	-918	-821
2046	4	908	-247
2047	1	966	-209
2048	1	611	289
2049	4	690	148
2050	1	808	210
2051	5	711	360
2052	4	936	355
2053	5	533	304
2054	1	813	889
2055	3	731	411
2056	2	903	
2057	2	589	194
2058	5	719	105
2059	4	553	613
2060	1	892	227
2061	3	767	328
2062	4	-617	-589
2063	1	765	421
2064	3	706	254
2065	5	696	720
2066	1	927	944
2067	2	939	
2068	4	797	414
2069	3	605	446
2070	5	655	481
2071	3	781	
2072	4	-862	464
2073	2	720	105
2074	1	669	198
2075	2	-713	431
2076	1	682	304
2077	4	501	254
2078	2	898	985
2079	2	591	383
2080	2	741	755
2081	1		327
2082	1	727	364
2083	5		
2084	1	587	328
2085	4	694	230
2086	3	803	155
2087	1		-355
2088	5	739	191
2089	4	916	494
2090	2	558	134
2091	4	542	485
2092	1	759	847
2093	5	-674	-636
2094	1	815	216
2095	5	-859	187
2096	2	576	211
2097	1	778	822
2098	4	-735	445
2099	5	514	445
2100	2	-781	354
2101	4	565	112
2102	5	646	683
2103	2	743	480
2104	5	529	357
2105	5		131
2106	2	689	445
2107	4	860	-217
2108	3	713	282
2109	4	-661	328
2110	3	-633	
2111	1	720	185
2112	5		-285
2113	4		327
2114	2	-761	467
2115	3	606	265
2116	5	751	791
2117	5	640	352
2118	1	803	253
2119	5		
2120	1	629	401
2121	2	500	495
2122	5		493
2123	4	700	788
2124	5	-634	
2125	5	574	110
2126	2	-683	341
2127	1	524	
2128	5	638	-439
2129	3	825	229
2130	1	885	204
2131	1	636	-217
2132	3	973	374
2133	3	899	262
2134	2	776	378
2135	1	554	-223
2136	4	637	699
2137	3	733	270
2138	3	822	286
2139	5	916	162
2140	1	920	153
2141	5	522	488
2142	5	862	385
2143	4		136
2144	2	917	267
2145	1		376
2146	4	520	237
2147	2	651	383
2148	4	923	398
2149	1	636	473
2150	3	-891	333
2151	1	878	309
2152	4	859	
2153	3	973	391
2154	1	602	304
2155	3	819	483
2156	2		460
2157	4	646	500
2158	1	753	464
2159	3	945	326
2160	5	576	134
2161	4	791	444
2162	2	906	187
2163	3	797	
2164	2		-491
2165	5		116
2166	4	655	352
2167	5	627	362
2168	1	895	195
2169	3	607	284
2170	2	744	754
2171	1	976	483
2172	3	939	416
2173	5	648	107
2174	3	530	285
2175	1	592	364
2176	5	878	226
2177	2	754	320
2178	4	-921	
2179	3	881	904
2180	3	-810	200
2181	4	651	-280
2182	5	533	115
2183	2	807	341
2184	3	915	435
2185	2	-529	406
2186	2	638	291
2187	2	948	285
2188	4	886	468
2189	4	843	911
2190	2	705	172
2191	5	874	479
2192	2	911	429
2193	5	589	459
2194	4		
2195	1	-540	303
2196	4	644	481
2197	1	560	243
2198	5	566	
2199	4		-299
2200	5	-861	337
2201	4	869	346
2202	2	576	
2203	5	660	432
2204	1	763	
2205	1		401
2206	3	711	145
2207	2	679	448
2208	3	878	112
2209	2		
2210	1	546	
2211	1	555	-471
2212	3	513	142
2213	4	590	419
2214	2	851	196
2215	4	688	242
2216	3		258
2217	3	714	
2218	1	510	
2219	1	783	
2220	3	946	173
2221	4	797	-404
2222	2		174
2223	4	984	490
2224	5	-781	-709
2225	4	707	
2226	4	597	262
2227	4	966	1034
2228	1		112
2229	1	952	986
2230	4	784	868
2231	2		193
2232	4	-958	344
2233	1	842	387
2234	3	-820	271
2235	2	602	349
2236	3		332
2237	5	947	980
2238	3	953	356
2239	5	636	735
2240	5	741	348
2241	2	918	-351
2242	3	839	900
2243	2	955	450
2244	1		461
2245	2	534	
2246	5	662	442
2247	1	610	281
2248	2	873	138
2249	2	849	443
2250	1	898	988
2251	4		246
2252	2		330
2253	4	974	368
2254	4	-974	295
2255	1	976	121
2256	2		-347
2257	4	690	225
2258	1	988	453
2259	1	979	
2260	4	-660	137
2261	2	714	346
2262	3	803	456
2263	3	799	102
2264	1	558	-378
2265	4	562	484
2266	5	872	310
2267	5	742	381
2268	4	671	499
2269	1	941	235
2270	2	720	248
2271	3	751	427
2272	5	929	491
2273	5	966	-263
2274	3		456
2275	1	532	405
2276	2	998	157
2277	5	701	779
2278	5	663	401
2279	1	805	-313
2280	5	793	324
2281	1	-593	447
2282	1	570	-204
2283	1	514	
2284	5	504	490
2285	3	964	186
2286	2	703	-355
2287	1	-697	379
2288	5	868	389
2289	1	851	428
2290	2	630	110
2291	5	557	573
2292	4	905	424
2293	5	-749	253
2294	2	680	742
2295	5	974	276
2296	4	922	
2297	1	529	143
2298	5	528	332
2299	4	540	586
2300	3	610	696
2301	4	753	836
2302	4		286
2303	3	731	363
2304	4	829	102
2305	5	-757	221
2306	4	-606	307
2307	2	745	151
2308	5	670	296
2309	4	838	-328
2310	1	506	408
2311	4	902	272
2312	2	804	334
2313	4	948	1008
2314	2		-404
2315	4	571	204
2316	1	675	
2317	2	593	
2318	1	685	448
2319	3	679	
2320	3	721	801
2321	4	664	391
2322	2	931	344
2323	2	-642	292
2324	3	922	437
2325	5		469
2326	1	537	-147
2327	3	748	318
2328	4	797	
2329	5	615	
2330	5	640	-210
2331	1	683	288
2332	4	619	145
2333	1	699	-343
2334	1	547	-304
2335	1		107
2336	3	885	321
2337	2	870	499
2338	2	930	106
2339	3	813	386
2340	5	593	134
2341	1	534	150
2342	3	812	331
2343	2	927	942
2344	4	729	-237
2345	5	534	
2346	4		481
2347	3	-984	
2348	1	771	796
2349	4	639	170
2350	4	648	
2351	4	825	473
2352	2	901	293
2353	3	582	647
2354	1	532	394
2355	3	972	
2356	4	627	-414
2357	5	663	373
2358	3	872	295
2359	1	792	365
2360	2	945	162
2361	1	995	-138
2362	2	601	154
2363	4	854	160
2364	3	618	373
2365	4		151
2366	2	847	313
2367	1		479
2368	3	833	-461
2369	4		333
2370	5	755	
2371	1	562	489
2372	1	665	-373
2373	3	781	215
2374	2	753	392
2375	2	754	155
2376	2	633	115
2377	1	-555	325
2378	4		243
2379	2	770	252
2380	4	800	125
2381	1	987	421
2382	1	672	199
2383	1	719	421
2384	2	944	
2385	5	874	181
2386	3	614	492
2387	2	609	
2388	1	-792	-239
2389	4	708	-337
2390	4	-656	-383
2391	1	817	203
2392	5		231
2393	4	664	260
2394	4	784	318
2395	3	613	293
2396	3	581	-165
2397	2		397
2398	5	663	122
2399	2	757	279
2400	4	685	
2401	1	-998	356
2402	1	839	-451
2403	3	649	413
2404	1	721	151
2405	3	513	-244
2406	3	998	282
2407	3	552	429
2408	2	829	
2409	2	862	452
2410	5	796	812
2411	4	871	-474
2412	4	850	213
2413	4	893	-218
2414	3	-703	426
2415	5	-503	246
2416	3	778	219
2417	1	709	
2418	2	532	128
2419	2	916	155
2420	5	-989	205
2421	5	714	-374
2422	3	608	216
2423	5	794	-370
2424	3	739	809
2425	2	903	
2426	5	518	154
2427	3	529	124
2428	3	-625	175
2429	1	-529	209
2430	5	975	248
2431	1	699	462
2432	3	550	-258
2433	4	818	343
2434	1	798	373
2435	1	875	494
2436	1	664	380
2437	1	997	129
2438	1	914	-304
2439	4	-813	-389
2440	2	607	113
2441	5		330
2442	4	827	480
2443	1	996	459
2444	1	528	389
2445	3	-545	472
2446	4	618	394
2447	5	712	111
2448	1	613	
2449	3	933	215
2450	5	505	-228
2451	4	691	446
2452	3	-674	-619
2453	1	867	-476
2454	5		468
2455	4		477
2456	4	590	
2457	5	509	-455
2458	5	701	417
2459	4	713	375
2460	2	941	-195
2461	4	757	
2462	1	820	154
2463	4	822	105
2464	5	860	
2465	2	713	281
2466	4	923	285
2467	5	956	
2468	4	764	118
2469	5	518	486
2470	4		209
2471	3	979	352
2472	3	560	325
2473	2	659	670
2474	5	585	313
2475	1	810	427
2476	3	856	
2477	1	558	162
2478	2	594	487
2479	5		
2480	3	573	463
2481	2	726	483
2482	1	804	409
2483	5	863	478
2484	5	539	583
2485	1		177
2486	1	718	159
2487	2		313
2488	2	-513	266
2489	5	-925	253
2490	3	733	430
2491	2	860	936
2492	5	-534	396
2493	2		331
2494	3	712	377
2495	4		299
2496	2	556	
2497	4	540	478
2498	2	536	
2499	2	577	143
2500	2	952	1044
2501	2	826	900
2502	2	579	400
2503	3	621	309
2504	1	692	138
2505	2	-508	391
2506	2	898	
2507	4	701	
2508	1	546	581
2509	5	-740	442
2510	3	787	274
2511	1	809	154
2512	3	791	414
2513	3	696	741
2514	5	891	987
2515	4	631	332
2516	3	816	859
2517	1	631	424
2518	4	868	
2519	3	907	
2520	2	973	-495
2521	4	591	
2522	1	785	276
2523	5		427
2524	4	523	273
2525	2	598	641
2526	2	598	
2527	2	873	395
2528	2	734	
2529	1	596	474
2530	4	711	460
2531	5		
2532	5	660	286
2533	3	942	421
2534	3	-653	426
2535	3	800	285
2536	2	-675	
2537	4	866	432
2538	5	633	123
2539	1	962	-145
2540	1	717	262
2541	2	648	331
2542	1		374
2543	1	-539	-468
2544	1	545	437
2545	2	664	338
2546	5	715	255
2547	1		
2548	2	704	752
2549	5	528	561
2550	1	783	869
2551	1	913	185
2552	1	783	441
2553	1	-976	178
2554	1	541	641
2555	3	810	137
2556	4	705	173
2557	4	893	339
2558	2	770	472
2559	1	662	-291
2560	5	986	321
2561	2	-570	447
2562	2	503	373
2563	4	717	
2564	3	-992	458
2565	5	527	157
2566	4	514	524
2567	1	833	272
2568	5	-722	260
2569	4	-785	232
2570	1	863	368
2571	1	672	275
2572	3		455
2573	4	831	
2574	3	769	360
2575	5	537	
2576	3	734	332
2577	3	901	366
2578	2	716	279
2579	3	678	195
2580	4	-698	
2581	5	-968	314
2582	1	515	532
2583	1	986	426
2584	1		342
2585	3		
2586	2	787	462
2587	4	923	153
2588	4	697	
2589	2	634	118
2590	4	930	351
2591	1	933	
2592	3	956	-486
2593	4	584	138
2594	3	839	252
2595	2	506	159
2596	4	530	
2597	5	889	
2598	4	593	397
2599	4	822	348
2600	5	802	205
2601	1		223
2602	1	772	
2603	1	580	486
2604	1	551	195
2605	4		
2606	2	839	478
2607	4	646	214
2608	4	754	223
2609	5	563	109
2610	4	834	279
2611	5	516	185
2612	2	672	210
2613	4	534	-165
2614	1	879	294
2615	1	580	422
2616	2	773	437
2617	5	-752	187
2618	3	997	457
2619	3	714	-113
2620	1	950	
2621	5	882	
2622	3	742	232
2623	3	670	-483
2624	4		464
2625	4		-263
2626	1	643	202
2627	2		279
2628	1	775	829
2629	2	895	451
2630	5	676	314
2631	1	939	992
2632	3	618	-185
2633	1		142
2634	4	828	496
2635	4	-869	110
2636	5		113
2637	4	954	198
2638	3	806	497
2639	2	521	438
2640	3	806	-243
2641	3	901	-109
2642	1	677	328
2643	2	913	229
2644	1	-770	
2645	4		308
2646	2		353
2647	4	703	217
2648	2	624	161
2649	2	560	210
2650	1		336
2651	3	817	321
2652	2	707	
2653	5	666	-186
2654	2	510	323
2655	1	507	136
2656	4	584	396
2657	5	706	172
2658	4	852	
2659	1		485
2660	5	-690	105
2661	3	632	142
2662	3	538	141
2663	3	882	
2664	3	790	458
2665	1	764	421
2666	5	504	495
2667	5	-716	357
2668	5	749	487
2669	3	702	255
2670	1		207
2671	2	749	798
2672	2	927	350
2673	1	760	105
2674	4	730	156
2675	4	962	487
2676	1	-915	309
2677	5		-403
2678	5		153
2679	2	823	500
2680	5	696	
2681	5	811	391
2682	2	860	-388
2683	5	918	406
2684	1	897	305
2685	2	808	
2686	1		468
2687	2	555	308
2688	2	512	133
2689	2	937	457
2690	1	780	302
2691	5	832	483
2692	2	976	264
2693	5	980	371
2694	3	962	362
2695	1		407
2696	3	775	126
2697	4	790	496
2698	3	937	395
2699	2	-707	226
2700	1	642	
2701	1	548	167
2702	3	696	178
2703	2	531	283
2704	1		184
2705	3	-591	353
2706	5	553	
2707	4	-597	289
2708	3		-471
2709	3	-802	438
2710	4	991	1090
2711	5	-877	310
2712	3	896	340
2713	1	667	477
2714	1		355
2715	1	721	123
2716	1	-745	-690
2717	3	776	299
2718	4	931	247
2719	4	963	267
2720	4	525	-411
2721	5	1000	
2722	5	944	
2723	4		356
2724	2	689	360
2725	1	985	248
2726	5	538	-407
2727	5		142
2728	2	854	
2729	4	-774	380
2730	5	624	319
2731	5	692	
2732	2		116
2733	2	-739	181
2734	3	513	286
2735	5	700	257
2736	1		424
2737	5	520	263
2738	5	-932	-836
2739	5	979	214
2740	4	826	839
2741	4	-924	494
2742	1	769	280
2743	2	-819	161
2744	1	705	
2745	5	574	-199
2746	3	936	956
2747	3	804	299
2748	4	766	
2749	2	724	414
2750	5	709	-449
2751	4	904	110
2752	2	977	
2753	4	503	
2754	3	695	177
2755	5	681	315
2756	3	928	500
2757	2	944	332
2758	5	-949	158
2759	1	-514	331
2760	5		376
2761	3	787	
2762	3	857	462
2763	2	647	317
2764	3	655	353
2765	5	709	275
2766	3	930	119
2767	2	775	177
2768	3	512	266
2769	4	555	
2770	3	925	465
2771	5		423
2772	4	531	168
2773	2		157
2774	2	795	325
2775	3	748	466
2776	3	542	448
2777	2	905	106
2778	2	941	
2779	1	-870	383
2780	1	567	651
2781	1	648	137
2782	3	521	259
2783	4		191
2784	3	503	460
2785	4		231
2786	2		175
2787	5		246
2788	4	840	136
2789	4	-812	179
2790	5	690	320
2791	3	862	401
2792	1	729	771
2793	2	651	203
2794	1	674	395
2795	4	755	405
2796	4	529	143
2797	5	574	391
2798	5	713	-236
2799	4		-163
2800	3	980	411
2801	2	933	
2802	4	995	415
2803	1	948	206
2804	4	921	146
2805	3	504	-437
2806	2	-647	-614
2807	3	841	399
2808	5	560	579
2809	1	804	499
2810	1	605	118
2811	5	-981	453
2812	4	803	102
2813	3	884	275
2814	3	906	232
2815	1	503	249
2816	4	554	347
2817	3	977	246
2818	5	636	655
2819	3	931	975
2820	2	822	856
2821	5	-657	-574
2822	5	791	485
2823	3	-808	-752
2824	3		224
2825	1	650	404
2826	5	576	355
2827	4	769	151
2828	2	826	327
2829	4	881	-276
2830	1	991	142
2831	3		252
2832	5	883	417
2833	4	930	-458
2834	3	716	218
2835	4	694	415
2836	4	552	202
2837	1	816	832
2838	4	-730	140
2839	3	847	
2840	5	558	389
2841	4	910	445
2842	1	846	198
2843	4	747	276
2844	1	858	466
2845	2	882	909
2846	2		474
2847	1	963	1007
2848	4		165
2849	5	775	165
2850	4		264
2851	2	816	-297
2852	1	934	295
2853	3	-780	-681
2854	5	993	-481
2855	1	926	296
2856	4	629	309
2857	3	509	195
2858	5	935	999
2859	1	635	121
2860	4	581	643
2861	4	752	486
2862	1	529	-166
2863	1		102
2864	5	722	188
2865	2	910	-244
2866	4	812	234
2867	5	539	276
2868	5	994	363
2869	3	624	313
2870	4	628	-379
2871	5	820	-449
2872	2		
2873	1	588	160
2874	2	956	329
2875	3	882	358
2876	1	509	-228
2877	2	637	392
2878	3	837	913
2879	3	646	261
2880	2	711	486
2881	3	879	-136
2882	2	762	373
2883	5	741	284
2884	3	895	131
2885	4	989	-293
2886	4	676	291
2887	1	943	413
2888	2	848	155
2889	2	598	181
2890	5	626	
2891	5	657	187
2892	5	801	-134
2893	3	548	499
2894	5		
2895	3	719	296
2896	4	696	776
2897	3	877	125
2898	2		-331
2899	2		321
2900	1	-534	495
2901	2	-614	
2902	3	741	279
2903	3	767	406
2904	5	796	-149
2905	5	647	
2906	3		-292
2907	1	856	265
2908	5	-884	322
2909	2	879	
2910	5	863	269
2911	4	652	443
2912	3	849	918
2913	1	859	115
2914	5	-704	123
2915	2	640	-476
2916	4	568	-411
2917	1	528	623
2918	3	504	540
2919	2	991	355
2920	3	715	217
2921	5	861	886
2922	2		472
2923	3	991	359
2924	4	-982	299
2925	5	509	128
2926	4	839	128
2927	4	725	-266
2928	2	831	377
2929	5	944	957
2930	1	570	197
2931	1	762	129
2932	5	656	-199
2933	2	854	-496
2934	4	879	391
2935	2	925	-178
2936	3	530	215
2937	1	935	-395
2938	1	732	213
2939	4	699	252
2940	5		496
2941	1	898	267
2942	4	596	120
2943	4	593	433
2944	2	904	107
2945	3	951	470
2946	1		233
2947	2	561	102
2948	2	731	756
2949	1	656	702
2950	4	796	472
2951	5	579	481
2952	3		494
2953	3	608	155
2954	3		258
2955	5	753	132
2956	5	503	227
2957	4	598	157
2958	4	579	385
2959	2	510	349
2960	5	865	421
2961	2	991	449
2962	2	535	223
2963	1	929	369
2964	1	840	119
2965	5	815	387
2966	4	784	
2967	1		316
2968	3	934	292
2969	4	901	390
2970	1	994	1070
2971	5	647	475
2972	2	543	
2973	4	960	318
2974	1		126
2975	4	641	295
2976	1	893	-148
2977	5	-714	
2978	1	624	257
2979	3		183
2980	3	-847	150
2981	5	710	378
2982	3		279
2983	2	-989	496
2984	2	787	451
2985	2	525	222
2986	4		163
2987	2	-594	409
2988	3	984	
2989	3	919	179
2990	1	648	342
2991	4	633	155
2992	1	990	411
2993	3	678	
2994	2	585	122
2995	3	-727	112
2996	1	-584	233
2997	3	522	-148
2998	2	981	167
2999	2	714	336
3000	5	-795	423
3001	4		193
3002	2	649	214
3003	2	651	145
3004	4	967	405
3005	3	858	388
3006	5	784	451
3007	5	875	
3008	3	905	
3009	2	958	444
3010	4		138
3011	4	620	397
3012	5	574	323
3013	4	601	224
3014	2	727	283
3015	3	709	377
3016	5	865	380
3017	5	916	100
3018	3	926	363
3019	3		142
3020	1	915	1000
3021	2	-579	440
3022	1	922	
3023	2	612	221
3024	1	904	960
3025	1	734	246
3026	4	-973	151
3027	2	875	123
3028	2	775	273
3029	5	669	156
3030	3	660	-431
3031	2	733	223
3032	1	873	459
3033	1	-659	347
3034	1	801	225
3035	3		359
3036	5	658	112
3037	5	806	394
3038	4	930	451
3039	2		108
3040	1	651	284
3041	1	869	299
3042	1	-910	472
3043	1	1000	1046
3044	2	961	465
3045	2	637	452
3046	3	-745	205
3047	4	924	224
3048	3	958	
3049	5	990	1019
3050	2		494
3051	1	826	480
3052	1	-615	-271
3053	2	722	337
3054	3	-920	158
3055	4	858	324
3056	1	992	250
3057	1	794	308
3058	2	562	405
3059	4	962	
3060	1		135
3061	1	793	442
3062	4	670	-100
3063	4	563	289
3064	2	700	303
3065	2	-559	-186
3066	1	572	
3067	1	917	107
3068	2	837	880
3069	3	685	175
3070	1	527	627
3071	3	766	103
3072	4	682	220
3073	3	695	-264
3074	3	769	362
3075	3	894	943
3076	3	502	129
3077	5		
3078	5	936	216
3079	5	537	300
3080	3		378
3081	1	619	
3082	4	-570	-449
3083	4	650	160
3084	2	900	-106
3085	1		104
3086	3	953	-144
3087	1	-999	-913
3088	1	595	139
3089	4	731	388
3090	5	801	203
3091	1	515	441
3092	5	676	267
3093	4	-955	486
3094	4	635	183
3095	1	614	466
3096	4	622	270
3097	2		142
3098	1	574	651
3099	1	891	317
3100	2	670	475
3101	5	745	214
3102	4	-797	-357
3103	4		-265
3104	5	993	225
3105	2	-905	108
3106	5	707	
3107	5	986	393
3108	4	893	
3109	1	821	312
3110	3		233
3111	5		491
3112	5	589	272
3113	5	757	235
3114	5	834	
3115	3	774	398
3116	2	676	-126
3117	2	515	484
3118	3	715	454
3119	2	711	448
3120	5	899	-213
3121	4	852	216
3122	1	989	198
3123	1	542	
3124	1	732	458
3125	1		369
3126	4	800	146
3127	4	736	374
3128	1	782	866
3129	3	825	303
3130	3	922	-387
3131	5	506	179
3132	5	-712	384
3133	1	998	213
3134	1	966	231
3135	5		224
3136	2	922	976
3137	3	730	373
3138	4	923	
3139	3	867	370
3140	5	847	312
3141	4	837	206
3142	1		176
3143	3	624	497
3144	4	529	576
3145	3	794	-245
3146	4	-618	317
3147	3	634	
3148	1	552	245
3149	4	754	
3150	2	705	-297
3151	1	868	191
3152	3	802	398
3153	2	967	-223
3154	2	750	828
3155	5	607	443
3156	2		338
3157	2	816	
3158	3	858	-383
3159	3	941	309
3160	2	632	323
3161	1	680	222
3162	4	-569	348
3163	5	748	223
3164	4	568	248
3165	3	664	463
3166	5	551	121
3167	1	884	141
3168	3	834	
3169	4	-936	374
3170	3	563	163
3171	3	976	117
3172	1	-761	369
3173	3	952	420
3174	5	765	318
3175	2	780	410
3176	4	622	316
3177	5	715	273
3178	2	736	366
3179	4		
3180	3	798	412
3181	3	835	113
3182	3		426
3183	3	962	484
3184	5	772	290
3185	1	918	996
3186	3	860	-303
3187	1	914	442
3188	5	911	450
3189	3	676	472
3190	2	-877	384
3191	5	992	266
3192	2	634	415
3193	4	815	327
3194	2	967	-290
3195	5	639	293
3196	5	821	194
3197	2	931	420
3198	4	679	483
3199	3	829	862
3200	4	695	396
3201	1	779	171
3202	1		124
3203	4	690	276
3204	4		461
3205	4	685	112
3206	5	651	434
3207	4	653	227
3208	2		320
3209	2	568	420
3210	5	-946	-289
3211	3	564	199
3212	4	916	304
3213	4	838	382
3214	1	628	105
3215	4	672	369
3216	3		315
3217	2	632	239
3218	1	508	299
3219	5	722	197
3220	1	708	239
3221	1	557	595
3222	1	981	1054
3223	4	983	244
3224	4	650	355
3225	1	855	393
3226	1		221
3227	1	-974	
3228	3	842	
3229	2	781	857
3230	4		287
3231	4	-699	
3232	4	698	
3233	1	892	969
3234	2	566	188
3235	5	-567	
3236	5	923	392
3237	5		
3238	1	616	
3239	1		134
3240	1	685	-249
3241	5	609	263
3242	4	-874	320
3243	4	680	120
3244	1	811	-480
3245	2	827	416
3246	5	900	185
3247	4		273
3248	2	580	602
3249	2	-629	187
3250	4	649	
3251	1	957	428
3252	1	-641	-491
3253	5	649	128
3254	4	641	144
3255	4	745	165
3256	1	-621	195
3257	5	969	468
3258	3	-696	175
3259	5	519	434
3260	2	848	232
3261	1	974	494
3262	3		436
3263	3	639	190
3264	4	710	186
3265	5	992	377
3266	2	885	196
3267	5	525	-113
3268	1	876	147
3269	3	665	255
3270	1	-819	-731
3271	1	934	
3272	1	880	167
3273	4	-860	234
3274	4	710	443
3275	1	927	109
3276	2	638	-420
3277	4	615	-381
3278	4	-573	-188
3279	3		322
3280	4	597	174
3281	4	-703	219
3282	3	789	
3283	1	944	364
3284	5	546	482
3285	5	658	273
3286	1		262
3287	4	806	389
3288	2	644	327
3289	1	725	278
3290	4	708	443
3291	3	-892	-812
3292	3	912	203
3293	2	756	769
3294	4	759	417
3295	5	624	274
3296	1	722	
3297	5	889	
3298	5	617	172
3299	1	930	183
3300	5	559	270
3301	2	712	314
3302	5	592	315
3303	1	714	226
3304	5	867	-403
3305	1	969	
3306	4	569	295
3307	5	-926	-225
3308	4	-529	487
3309	2	-660	312
3310	4	676	194
3311	5	741	
3312	2	761	482
3313	5	799	
3314	2	533	171
3315	1	587	259
3316	4	767	387
3317	1	590	-124
3318	3	831	147
3319	2	973	326
3320	1	718	462
3321	2	-917	-905
3322	3	-762	326
3323	2	675	472
3324	1	622	282
3325	2	740	-117
3326	5		-229
3327	1	705	320
3328	1	541	393
3329	3	962	196
3330	4	928	165
3331	5	871	
3332	2	644	455
3333	3		227
3334	1	789	346
3335	5	764	178
3336	1	873	176
3337	3	657	
3338	3	854	101
3339	5	966	1014
3340	4	516	344
3341	1	686	118
3342	4	594	
3343	5	-567	443
3344	1	981	124
3345	1	513	272
3346	5	902	221
3347	4	625	300
3348	5	-791	411
3349	4	939	282
3350	5	-874	396
3351	4	792	
3352	5		314
3353	2	932	-462
3354	4	-532	464
3355	3	519	400
3356	2	896	
3357	5	986	-175
3358	3		275
3359	4	881	463
3360	5		110
3361	2	651	105
3362	5	792	867
3363	1	786	435
3364	2		
3365	4	843	313
3366	2	738	-416
3367	5	534	490
3368	4	514	410
3369	3	792	130
3370	5	879	-451
3371	4	751	234
3372	4	715	155
3373	3	838	193
3374	5		379
3375	2	725	134
3376	5	928	207
3377	3	873	354
3378	1		346
3379	3	657	116
3380	4		100
3381	3	807	308
3382	2	590	-131
3383	3		242
3384	4	887	949
3385	4	821	356
3386	3	854	165
3387	3	558	478
3388	2	-571	410
3389	3	773	458
3390	4	791	251
3391	5	752	146
3392	2	921	271
3393	4	778	808
3394	1	-731	122
3395	5	-923	474
3396	2	570	228
3397	1	974	456
3398	3	825	888
3399	4	947	-482
3400	1	-783	215
3401	1	856	199
3402	5		-137
3403	3	-694	388
3404	5	574	478
3405	2	865	-379
3406	4	855	178
3407	3	823	898
3408	4	-799	-396
3409	2	510	170
3410	4	598	693
3411	1	573	128
3412	4		248
3413	5	940	233
3414	3	676	267
3415	2	715	804
3416	2	816	481
3417	4	646	468
3418	5	733	253
3419	2	532	408
3420	2		-296
3421	5	654	336
3422	1	-554	-534
3423	2	620	-105
3424	3	989	402
3425	4	-762	463
3426	5	-699	384
3427	3	570	122
3428	3	787	-111
3429	2	916	-132
3430	2	724	458
3431	3	944	323
3432	2	760	483
3433	3	997	236
3434	3	880	171
3435	2	850	354
3436	1	619	249
3437	4	691	234
3438	5	809	206
3439	5	513	
3440	5	529	292
3441	1	832	
3442	1	829	183
3443	3	914	232
3444	5	503	495
3445	1	933	-175
3446	3	981	1043
3447	3	870	899
3448	1	933	1021
3449	1	528	110
3450	5	862	948
3451	4	873	494
3452	4	866	420
3453	2	859	
3454	2	794	837
3455	1	988	261
3456	1	742	154
3457	3	692	224
3458	2	533	290
3459	4	785	153
3460	4	806	294
3461	1	955	479
3462	3	771	459
3463	3	539	
3464	1	532	
3465	2	661	272
3466	4	837	433
3467	1	992	393
3468	1	656	-320
3469	4		193
3470	2	724	370
3471	5	775	200
3472	5	-867	474
3473	2	872	256
3474	1	764	168
3475	4	622	212
3476	5	-967	
3477	2	688	168
3478	3	813	398
3479	4	629	342
3480	2	581	251
3481	3	602	
3482	1	998	487
3483	3	575	-352
3484	2	950	317
3485	2	520	450
3486	1	528	
3487	5	821	254
3488	1	753	
3489	2	896	996
3490	1		194
3491	3	619	297
3492	1	719	302
3493	5	648	413
3494	2	810	212
3495	3	-955	274
3496	2	-668	-488
3497	1	562	352
3498	4	743	244
3499	5		-386
3500	3	523	218
3501	3	636	138
3502	4	842	396
3503	2	919	106
3504	2	997	
3505	4	620	121
3506	3	887	146
3507	5	842	
3508	4	574	188
3509	1		452
3510	4	943	347
3511	1	-951	349
3512	2	873	314
3513	4	533	574
3514	2	837	325
3515	1	533	474
3516	3	505	-296
3517	1	-941	174
3518	2	800	185
3519	3	569	
3520	1	967	266
3521	5	-578	195
3522	3	796	128
3523	5	722	
3524	3	827	-436
3525	1	799	
3526	3	630	449
3527	1		168
3528	4	901	205
3529	2	848	161
3530	4	849	-449
3531	1	866	-362
3532	2	-628	385
3533	3	-940	236
3534	1	776	362
3535	1	886	141
3536	1	905	351
3537	3		389
3538	2	629	129
3539	4	639	-414
3540	1	967	440
3541	1	688	247
3542	1	684	
3543	1	791	279
3544	3	843	-399
3545	5		293
3546	3	508	561
3547	3	-514	277
3548	4	606	670
3549	5	-904	101
3550	5		447
3551	2	-649	244
3552	2	623	485
3553	2		117
3554	3	594	362
3555	2	791	351
3556	3		113
3557	2	526	404
3558	5	964	219
3559	2		225
3560	4	514	560
3561	3	754	764
3562	5	675	249
3563	2	987	472
3564	2	963	1026
3565	2	637	151
3566	2	718	300
3567	5	653	-108
3568	4		355
3569	3	710	208
3570	1	729	447
3571	5	945	1025
3572	1	995	
3573	5	978	-471
3574	5	672	112
3575	5	502	545
3576	4	-901	-865
3577	2	-777	262
3578	5	818	308
3579	2	709	
3580	4	700	432
3581	2	896	431
3582	1	952	300
3583	3	712	375
3584	5		193
3585	5	-994	262
3586	3	912	168
3587	4	755	194
3588	2	510	425
3589	3		
3590	2	597	374
3591	3	640	219
3592	2	553	-488
3593	2	607	
3594	4	983	417
3595	5	909	248
3596	4	733	265
3597	5	844	329
3598	2	850	111
3599	2	772	217
3600	2		262
3601	1	870	286
3602	1		115
3603	2	613	192
3604	3	-637	151
3605	3		
3606	2	529	494
3607	3	545	582
3608	2	-527	145
3609	2		266
3610	5	-887	134
3611	1		327
3612	4	562	225
3613	1	588	655
3614	1	744	-237
3615	5	658	123
3616	2	833	460
3617	5	559	195
3618	3	841	872
3619	1	632	364
3620	4	861	364
3621	5		207
3622	5	676	241
3623	5	767	220
3624	4	783	325
3625	2	-636	221
3626	4		155
3627	2	942	163
3628	4	922	257
3629	4	513	292
3630	3	951	417
3631	1	777	401
3632	5	657	388
3633	2	1000	
3634	1	941	1013
3635	2	630	
3636	4	671	374
3637	2	546	280
3638	1	-520	
3639	1	-796	274
3640	1	649	468
3641	1	522	386
3642	1	887	343
3643	3	894	121
3644	3	531	
3645	5	-771	315
3646	1	663	
3647	5	965	479
3648	5	809	196
3649	4	692	366
3650	5	710	
3651	3	582	342
3652	1	665	362
3653	2	854	133
3654	2	687	190
3655	5	510	164
3656	4	-959	-900
3657	2	846	440
3658	4	656	472
3659	5	507	565
3660	5	684	102
3661	3	571	194
3662	1	786	153
3663	4	663	192
3664	5	526	394
3665	5	-844	216
3666	4	865	169
3667	2	611	171
3668	3	752	199
3669	3	813	262
3670	3	930	-217
3671	3	507	266
3672	2	781	211
3673	3	894	192
3674	2	850	453
3675	2	570	378
3676	5	-881	-840
3677	1	-605	
3678	5	941	135
3679	5	785	104
3680	4		297
3681	5	863	294
3682	1	841	
3683	3	605	174
3684	5	736	-376
3685	5		-347
3686	1	-826	
3687	1	730	482
3688	5	-757	491
3689	4	694	198
3690	4	914	-373
3691	2	749	-275
3692	3		413
3693	4	844	129
3694	4	560	150
3695	5		100
3696	5	992	
3697	5	574	662
3698	2		-147
3699	2	-981	390
3700	2	542	451
3701	5	766	180
3702	4	907	234
3703	2		125
3704	1	565	584
3705	5		127
3706	1	818	209
3707	1	815	
3708	4	-768	500
3709	1	-784	
3710	3	802	426
3711	2	691	
3712	4	862	107
3713	1	797	313
3714	1	645	155
3715	5	864	145
3716	2		-326
3717	4	909	
3718	5	733	119
3719	1	518	174
3720	5	574	261
3721	5	656	428
3722	3	930	189
3723	3	629	442
3724	1	638	105
3725	1	641	287
3726	1	820	316
3727	4	595	483
3728	2	612	393
3729	2		162
3730	5	759	112
3731	3	679	163
3732	2	844	296
3733	3	618	
3734	5	741	
3735	4	765	
3736	5	-548	191
3737	4	552	480
3738	2	575	-297
3739	3	928	476
3740	1		456
3741	3	747	347
3742	1	876	329
3743	1	812	331
3744	3	-952	126
3745	2		165
3746	3	867	931
3747	4	594	-157
3748	1	806	280
3749	4	590	240
3750	5	863	405
3751	2	618	138
3752	1	682	
3753	2	992	119
3754	4	935	338
3755	1	646	735
3756	1	-558	-106
3757	1	-902	304
3758	5	883	922
3759	1	719	
3760	3	645	141
3761	4	860	420
3762	1	731	411
3763	2	-660	-406
3764	5	778	307
3765	3		460
3766	4	674	292
3767	1	850	
3768	3	720	202
3769	1		-193
3770	5	557	190
3771	5	628	
3772	2	637	419
3773	4	797	864
3774	5	811	
3775	4	-885	495
3776	2		303
3777	5	637	168
3778	4	621	286
3779	2	541	118
3780	5	830	468
3781	5	927	264
3782	1	691	328
3783	4		
3784	5	-651	155
3785	2	621	287
3786	3	705	142
3787	4	720	491
3788	1	960	352
3789	5	644	453
3790	5		489
3791	3	-744	-402
3792	3	700	204
3793	1	749	267
3794	4	975	494
3795	2	707	723
3796	1	717	338
3797	4	588	176
3798	4	784	491
3799	3	-909	-889
3800	1	-600	336
3801	5	552	593
3802	1	563	119
3803	3	-736	185
3804	4	785	854
3805	5	864	376
3806	5		223
3807	5	560	646
3808	3	964	309
3809	1	-829	-388
3810	5	-615	-433
3811	3	-601	-378
3812	5	-960	223
3813	4	803	-450
3814	3	924	234
3815	4		350
3816	2	738	341
3817	4	978	209
3818	4	676	764
3819	2	818	237
3820	3	981	
3821	4	574	597
3822	2	716	497
3823	4	650	479
3824	3		314
3825	2	874	471
3826	1	567	296
3827	4	752	229
3828	5	628	170
3829	5	896	218
3830	1	692	198
3831	3	501	186
3832	4		406
3833	5	572	191
3834	4	695	735
3835	1	971	120
3836	3	759	130
3837	1	999	429
3838	2	599	458
3839	3	756	786
3840	5	849	315
3841	2	839	151
3842	5	815	316
3843	5	628	653
3844	1		174
3845	5	865	224
3846	4	608	340
3847	4	781	220
3848	5	829	434
3849	5	776	282
3850	2	-574	212
3851	2	-905	314
3852	5	988	
3853	5	573	203
3854	3	869	251
3855	2	565	321
3856	1	662	301
3857	5	709	196
3858	2	813	259
3859	4	972	332
3860	3	930	380
3861	4	542	284
3862	5	-918	271
3863	4	691	339
3864	4	513	221
3865	5	-951	340
3866	5	882	205
3867	4	925	188
3868	4	702	
3869	4	761	361
3870	2	918	151
3871	5	591	675
3872	1		194
3873	5	942	272
3874	4		
3875	3	932	943
3876	1	992	127
3877	2	802	329
3878	1	883	292
3879	3	772	149
3880	3	984	439
3881	3		402
3882	3	733	113
3883	1		330
3884	3	793	222
3885	2		219
3886	4	948	228
3887	5	757	180
3888	4	634	229
3889	1	868	457
3890	1	632	251
3891	3	799	489
3892	2	724	496
3893	4	676	-178
3894	5	865	479
3895	4	587	-185
3896	2	668	398
3897	2	819	301
3898	2	742	767
3899	5	752	794
3900	4	569	306
3901	2		332
3902	2	704	757
3903	4	964	993
3904	5	719	-377
3905	5	894	453
3906	1	764	121
3907	3	810	-263
3908	2		-491
3909	4		
3910	2	571	375
3911	5		431
3912	3	550	298
3913	2	940	224
3914	2	535	465
3915	5		
3916	4	595	121
3917	5	504	166
3918	3	977	377
3919	2	705	
3920	3	929	401
3921	2	901	955
3922	5	929	-449
3923	5		-449
3924	1	597	317
3925	5		124
3926	3	945	305
3927	1	961	433
3928	4	739	147
3929	1	665	280
3930	1	748	483
3931	2	504	517
3932	1	797	310
3933	1		301
3934	4	-634	407
3935	3	-713	322
3936	5		459
3937	5		359
3938	1		106
3939	1	802	332
3940	5	610	674
3941	4		227
3942	5	963	1006
3943	3	506	
3944	2	944	485
3945	1	744	133
3946	3	687	180
3947	4	820	342
3948	2		342
3949	4	765	410
3950	1	-803	102
3951	1	564	
3952	2		413
3953	3	681	-372
3954	2		263
3955	4	774	422
3956	1	510	277
3957	4	524	366
3958	2	809	423
3959	1		373
3960	5	859	383
3961	3		-255
3962	5	962	105
3963	3	950	435
3964	1	585	298
3965	5	996	288
3966	4	538	
3967	5	659	291
3968	2	924	
3969	4	743	219
3970	3	914	268
3971	3	521	230
3972	2	-651	313
3973	1		269
3974	4	816	
3975	1	846	237
3976	4	663	144
3977	2	892	350
3978	2	566	
3979	4	736	139
3980	1	877	308
3981	5	518	-325
3982	2	635	719
3983	1	861	379
3984	5	-606	
3985	5		
3986	1	792	-438
3987	1	773	469
3988	3	771	817
3989	2	552	214
3990	3	597	152
3991	2	689	282
3992	4	-505	-110
3993	4	613	676
3994	3	762	
3995	1	932	317
3996	3	794	294
3997	5	944	249
3998	3		255
3999	4	909	199
4000	1	819	266
4001	5	904	352
4002	5	989	362
4003	3	775	487
4004	4		296
4005	3	573	187
4006	5	537	178
4007	5	889	
4008	2	876	
4009	3	-684	
4010	2	518	237
4011	1		
4012	1	540	304
4013	5	-682	190
4014	2	541	276
4015	1	818	286
4016	3	-949	
4017	3		325
4018	5	678	237
4019	3	521	419
4020	3	613	
4021	1	644	-247
4022	1	659	118
4023	4	996	1044
4024	4	526	277
4025	5	548	496
4026	2	559	430
4027	1		209
4028	3	913	
4029	3		183
4030	1		-355
4031	5	714	141
4032	4	636	-401
4033	3	-593	328
4034	4	897	493
4035	5	-763	
4036	5	-922	486
4037	2	-820	182
4038	3	604	-257
4039	2	913	273
4040	4		177
4041	2	619	153
4042	5	-742	172
4043	4	955	419
4044	5	928	139
4045	3	707	-238
4046	5	695	
4047	3	507	166
4048	2	601	655
4049	4	627	403
4050	5	601	654
4051	2	583	-257
4052	1	549	252
4053	3	767	779
4054	4	901	470
4055	2	571	-257
4056	4	578	498
4057	1	538	486
4058	5	520	314
4059	1	750	398
4060	2		114
4061	4	876	352
4062	4	-522	328
4063	3	959	116
4064	3		411
4065	5	566	264
4066	3	977	-385
4067	3	823	324
4068	2	632	685
4069	2	876	134
4070	1	592	242
4071	2	581	279
4072	1		215
4073	4	698	444
4074	4		-141
4075	1	733	226
4076	2	849	-476
4077	4		324
4078	1	987	302
4079	3	826	-257
4080	5	567	480
4081	5	791	477
4082	4	558	462
4083	5		475
4084	4	629	112
4085	3	-755	344
4086	1	881	943
4087	2	711	494
4088	5	702	712
4089	5	719	747
4090	1		249
4091	4	775	337
4092	4	586	120
4093	4	803	458
4094	3	871	498
4095	3		288
4096	3	679	142
4097	2	724	315
4098	1	-539	275
4099	3		157
4100	2	914	213
4101	5	702	136
4102	4	725	284
4103	4	-991	256
4104	2	721	316
4105	1	563	624
4106	4	-574	281
4107	5	694	783
4108	1	724	194
4109	4	763	790
4110	5	662	290
4111	4	822	341
4112	1	953	
4113	2	710	-183
4114	5	535	445
4115	1	746	184
4116	3		214
4117	5	873	330
4118	3	503	412
4119	1	562	380
4120	5	628	138
4121	3	918	-495
4122	5	610	271
4123	5	738	399
4124	3	872	254
4125	4	597	248
4126	5	914	319
4127	4		124
4128	2		184
4129	1	781	494
4130	2	932	258
4131	2	694	164
4132	2	977	396
4133	1	818	500
4134	2	899	238
4135	4	1000	-395
4136	5	729	770
4137	3	697	102
4138	4	-687	371
4139	1	952	215
4140	2	738	258
4141	2	532	616
4142	5	847	941
4143	4	611	-408
4144	4	618	398
4145	3	852	922
4146	3	609	242
4147	3	692	253
4148	5	802	
4149	4	727	
4150	4	599	262
4151	1	-981	304
4152	3	681	428
4153	2		134
4154	5	914	947
4155	2	510	477
4156	1	936	373
4157	1	747	300
4158	4	706	222
4159	5	808	846
4160	2	972	
4161	1		372
4162	5	598	
4163	5	519	474
4164	3	731	
4165	4	649	343
4166	4		360
4167	4	664	
4168	4		-272
4169	3	985	436
4170	2	909	116
4171	3	640	326
4172	5	595	332
4173	4	660	414
4174	3	697	482
4175	1	765	369
4176	4	826	
4177	1	537	453
4178	2	808	
4179	2	978	265
4180	3	659	289
4181	1	639	382
4182	5	662	461
4183	5		305
4184	5	628	218
4185	4	967	381
4186	5	615	670
4187	3	596	172
4188	2	657	-369
4189	2	697	
4190	4		166
4191	2	698	177
4192	2	670	186
4193	3	-836	126
4194	2	535	469
4195	5	519	116
4196	4	750	307
4197	5		469
4198	2	619	466
4199	2	652	280
4200	5	-714	459
4201	4	-877	-824
4202	2	989	343
4203	2	840	245
4204	3	946	377
4205	5	997	
4206	4	706	278
4207	3	566	342
4208	4		404
4209	1	790	455
4210	5		459
4211	4	893	393
4212	2	960	1056
4213	2	792	476
4214	1	813	361
4215	5		271
4216	3	-985	407
4217	1	-526	
4218	2		103
4219	1	804	891
4220	5	623	706
4221	5	565	459
4222	3	745	378
4223	4	-552	108
4224	2	-676	-604
4225	1	501	385
4226	1	-741	442
4227	2	853	467
4228	2	507	
4229	3	588	250
4230	2	-810	361
4231	4	893	423
4232	5	957	500
4233	2	643	425
4234	4	556	397
4235	1	513	287
4236	2		121
4237	2	510	395
4238	4	648	477
4239	5	-992	-309
4240	5		-223
4241	3	962	402
4242	5	-966	-920
4243	2	989	-181
4244	1	831	274
4245	5	663	-156
4246	1	955	194
4247	5	535	452
4248	3	678	-456
4249	3	882	-338
4250	2	750	-394
4251	5	-889	274
4252	1	530	-361
4253	3	740	766
4254	1	894	218
4255	2	528	468
4256	3	536	150
4257	4	763	361
4258	2	999	378
4259	2	954	237
4260	2	762	845
4261	4	813	246
4262	1	-942	
4263	4	986	407
4264	5		180
4265	2	709	-477
4266	2	800	
4267	1		290
4268	2	-600	177
4269	1	802	270
4270	3	969	186
4271	5	600	340
4272	1	686	
4273	5	994	124
4274	4	665	282
4275	1	939	138
4276	1		386
4277	1	970	241
4278	2	-924	-891
4279	1	900	161
4280	5	547	303
4281	5	569	295
4282	1	502	156
4283	3	662	707
4284	1	867	202
4285	4	732	822
4286	2	965	419
4287	5	805	390
4288	2	685	325
4289	5	-771	250
4290	3	877	430
4291	1	984	203
4292	4	630	306
4293	1	655	419
4294	2	916	496
4295	1	666	298
4296	5	700	
4297	2	-893	-797
4298	3	873	212
4299	5	975	
4300	1		
4301	1	945	277
4302	2	586	333
4303	2	681	232
4304	3	770	354
4305	3	-748	120
4306	2	684	490
4307	1	919	120
4308	3	932	-202
4309	4	565	413
4310	5	768	490
4311	2	569	433
4312	3	-689	
4313	1	-986	329
4314	3	-973	445
4315	1		119
4316	3	798	185
4317	5		228
4318	1	799	439
4319	3	903	-489
4320	3		-238
4321	4	805	-107
4322	4	526	-234
4323	2	693	474
4324	4	668	
4325	1	616	496
4326	3	674	234
4327	5	637	361
4328	3	882	163
4329	2	941	203
4330	2	534	494
4331	4	544	361
4332	5	913	134
4333	4	870	120
4334	4	760	804
4335	2	851	269
4336	2	693	233
4337	3	847	
4338	1	668	473
4339	5	-687	
4340	4	557	436
4341	5	827	
4342	3	982	428
4343	1	737	-312
4344	1		332
4345	2	686	141
4346	3	649	-315
4347	5	-564	309
4348	2	905	206
4349	4	556	155
4350	5	754	163
4351	4	691	371
4352	2		278
4353	1	584	658
4354	2	-506	219
4355	5	633	267
4356	1	970	-385
4357	4	785	488
4358	2		222
4359	4	968	120
4360	5	-895	218
4361	4	577	231
4362	3	-801	202
4363	1	796	389
4364	4	607	628
4365	1	-674	358
4366	3	611	639
4367	1	519	156
4368	3	730	
4369	3	872	
4370	2	797	162
4371	1	527	135
4372	2	-782	-229
4373	2	522	114
4374	2	889	966
4375	3	638	-436
4376	3	738	456
4377	2	659	355
4378	5	-744	242
4379	3	704	767
4380	3	659	327
4381	5	774	112
4382	4	828	173
4383	2	662	-268
4384	3		-254
4385	2	676	-271
4386	5	710	
4387	1	896	288
4388	4	-975	200
4389	3	854	
4390	5	567	223
4391	3	900	-296
4392	5	-902	-472
4393	5	919	
4394	3	-929	186
4395	5	984	331
4396	5	980	
4397	1	817	166
4398	4	938	219
4399	3		-467
4400	2	975	
4401	3	977	434
4402	2	833	910
4403	4	-730	126
4404	4	651	294
4405	1		437
4406	5	776	193
4407	2	950	199
4408	3	751	380
4409	1	583	123
4410	1	599	
4411	2	965	1013
4412	5		428
4413	2	883	-498
4414	2	869	904
4415	2	811	-378
4416	5	842	480
4417	4	754	411
4418	1	857	
4419	4	634	131
4420	2		110
4421	5	518	414
4422	5	-589	
4423	2	-817	436
4424	2		296
4425	3	735	496
4426	2	810	446
4427	2	-945	261
4428	1	749	427
4429	5	731	
4430	3	818	360
4431	2	702	174
4432	4	681	-384
4433	1	824	344
4434	4		420
4435	5	858	
4436	5	638	482
4437	1	968	360
4438	2	810	
4439	1	571	325
4440	1	756	463
4441	1	712	113
4442	5	970	444
4443	3	507	283
4444	3	-970	334
4445	2	974	202
4446	2	783	123
4447	2	763	
4448	2	833	264
4449	4	620	167
4450	3	661	700
4451	2	761	359
4452	2	849	357
4453	4	-627	450
4454	2	-777	107
4455	1	767	355
4456	5	999	186
4457	5	701	329
4458	1	741	-435
4459	2	680	119
4460	2	970	
4461	4	916	122
4462	5	831	488
4463	3	930	205
4464	2		449
4465	2	631	148
4466	5	867	
4467	5		329
4468	5	921	121
4469	3	850	-210
4470	5	611	387
4471	1	932	433
4472	5	631	-232
4473	1	829	-492
4474	1	972	1026
4475	2	781	336
4476	1	853	252
4477	3	663	129
4478	3	779	198
4479	1	691	204
4480	4	971	236
4481	1	863	495
4482	1	-563	-445
4483	3	875	460
4484	5	509	239
4485	2	955	199
4486	5	664	111
4487	5	-907	257
4488	1	-518	359
4489	4	530	168
4490	3	854	890
4491	4	554	105
4492	4	831	427
4493	4	624	434
4494	3	-633	109
4495	4	607	101
4496	5	970	405
4497	2	826	-247
4498	4	768	-111
4499	1	525	
4500	5		
4501	3	626	269
4502	1	560	-157
4503	4	729	356
4504	4	-510	178
4505	2	859	
4506	3	684	101
4507	4	669	441
4508	1	633	-375
4509	1		418
4510	5	846	-137
4511	4	-773	-743
4512	4		410
4513	5	618	111
4514	3	611	479
4515	5	-766	136
4516	2	885	335
4517	2	565	340
4518	5	887	338
4519	3	627	721
4520	2	944	393
4521	4	809	
4522	1	509	259
4523	3	631	188
4524	1	736	124
4525	5	-617	243
4526	4	545	172
4527	1	540	146
4528	1	736	167
4529	2	908	-234
4530	1	736	413
4531	5	988	252
4532	2	555	466
4533	4	737	322
4534	2	902	289
4535	1	730	363
4536	1	707	346
4537	1		170
4538	3		107
4539	3	648	127
4540	1	681	268
4541	5	793	345
4542	1	713	154
4543	5	805	218
4544	3	583	
4545	3	837	174
4546	1	900	
4547	2	574	-421
4548	4	833	173
4549	2	797	460
4550	1	548	130
4551	3	-819	-734
4552	5	791	832
4553	4	670	240
4554	2	-826	-208
4555	2	786	-255
4556	5	974	1047
4557	4	598	
4558	1		196
4559	2	886	437
4560	2	589	117
4561	5	675	251
4562	3	559	633
4563	5	544	368
4564	3	-704	497
4565	4	-975	286
4566	1	-839	284
4567	5	677	243
4568	4	839	108
4569	1	691	379
4570	1	598	
4571	1		249
4572	2	823	367
4573	2	995	
4574	4	658	423
4575	2	-579	401
4576	3	501	333
4577	4		171
4578	2	711	430
4579	2	591	455
4580	5	713	
4581	4	971	1070
4582	3	710	-256
4583	4		326
4584	2	696	352
4585	4	622	325
4586	2	982	418
4587	3		132
4588	3	-936	341
4589	5	915	372
4590	5	602	674
4591	5	973	356
4592	3	773	467
4593	3	610	287
4594	2	562	426
4595	1	558	496
4596	3	973	331
4597	4	963	-303
4598	5	568	219
4599	5	-552	104
4600	3	898	919
4601	4	765	264
4602	4	816	171
4603	5	762	413
4604	1	576	355
4605	5	-900	284
4606	1	854	430
4607	5	599	
4608	4	685	760
4609	5	709	147
4610	3	617	444
4611	4	-940	207
4612	4	860	923
4613	4	570	257
4614	2	624	289
4615	2	962	1046
4616	4	-799	
4617	3	663	266
4618	4	809	181
4619	1		454
4620	2	760	408
4621	4	985	440
4622	4	-582	144
4623	5	-513	155
4624	3	773	296
4625	2	985	200
4626	4	535	623
4627	1	950	186
4628	1	744	
4629	4	770	476
4630	1	524	186
4631	3	730	460
4632	3	505	490
4633	1		216
4634	2	655	394
4635	5	527	598
4636	2	766	172
4637	4	668	131
4638	5	787	160
4639	3	683	264
4640	3	951	483
4641	4	779	247
4642	3	672	167
4643	3	754	-405
4644	2	-979	434
4645	5	730	
4646	3	906	961
4647	2	614	273
4648	5	903	363
4649	4	657	150
4650	5	-824	302
4651	1	972	
4652	2	683	141
4653	1	566	
4654	4	-656	-274
4655	5	540	111
4656	5	944	108
4657	3	756	401
4658	2	677	735
4659	4		461
4660	4	602	702
4661	1	924	172
4662	2	562	
4663	1	580	485
4664	3	669	206
4665	5	783	406
4666	1	570	
4667	1	991	
4668	1	723	398
4669	1	779	412
4670	5	655	
4671	3	514	338
4672	2	736	146
4673	3	819	866
4674	3	926	275
4675	2		-219
4676	1		416
4677	4	993	-320
4678	5	993	147
4679	2	509	144
4680	3	942	1008
4681	3	908	
4682	1		-432
4683	1	960	
4684	1	688	236
4685	1		120
4686	3	503	-102
4687	5	980	411
4688	1	677	200
4689	2	871	
4690	1	586	389
4691	5	936	492
4692	2	726	140
4693	5	888	398
4694	4		-178
4695	5	931	1001
4696	5	509	-345
4697	5	508	
4698	4	603	299
4699	4		471
4700	3	684	267
4701	4	550	210
4702	5	984	150
4703	4	818	470
4704	4	936	430
4705	3	875	297
4706	3	561	446
4707	4	828	486
4708	2	988	444
4709	5	899	324
4710	5	964	366
4711	2	612	485
4712	5	974	188
4713	5	744	498
4714	4	816	-376
4715	2	990	339
4716	3	752	454
4717	5	623	185
4718	3	584	283
4719	3	587	249
4720	4	777	421
4721	3	792	881
4722	5	-802	-779
4723	2	899	979
4724	4		-422
4725	1	880	394
4726	5		136
4727	4	666	
4728	2	-975	193
4729	4	994	-410
4730	3	543	323
4731	4	563	214
4732	5	525	556
4733	2	886	939
4734	2	961	317
4735	2	842	239
4736	3		264
4737	1	967	197
4738	1		296
4739	5	502	115
4740	3	642	-117
4741	4	696	484
4742	3	597	657
4743	2	578	378
4744	4	732	266
4745	1	610	441
4746	3	897	282
4747	1	858	
4748	2	837	161
4749	3	973	401
4750	5	567	340
4751	5	876	317
4752	3	594	237
4753	2	543	211
4754	5	511	576
4755	1	508	406
4756	3	763	258
4757	3	572	102
4758	1	-650	266
4759	1	883	447
4760	1	-764	368
4761	2	852	-417
4762	4	-514	428
4763	5	976	385
4764	5		236
4765	4	584	240
4766	2	850	-215
4767	2	-601	-572
4768	1	-568	432
4769	3	917	421
4770	1	832	209
4771	3	-847	468
4772	5	532	588
4773	4	734	190
4774	4	751	388
4775	5	768	195
4776	2	544	240
4777	2	986	473
4778	4	519	144
4779	5	548	302
4780	2	-944	124
4781	4	798	
4782	1		184
4783	1		356
4784	2	791	209
4785	5	-773	207
4786	3	831	269
4787	2	861	328
4788	4	501	152
4789	3		325
4790	5	594	377
4791	5	626	314
4792	4	683	
4793	1	-564	494
4794	4	899	981
4795	4	873	218
4796	4	972	166
4797	5		253
4798	5	969	1052
4799	4	562	297
4800	1	668	362
4801	5	938	969
4802	5	829	394
4803	1	666	747
4804	3	529	446
4805	5	642	489
4806	4	954	381
4807	2	873	218
4808	2	701	189
4809	5	672	250
4810	1	754	301
4811	3	913	100
4812	5	794	481
4813	2	513	465
4814	1	639	678
4815	5	967	1019
4816	1	757	472
4817	1	809	371
4818	1	838	-402
4819	1	511	562
4820	5		
4821	1	590	-476
4822	5	713	131
4823	5	539	384
4824	1	946	1021
4825	4	943	
4826	4	773	277
4827	2	610	
4828	5	730	479
4829	3	-982	384
4830	3	724	
4831	5	781	368
4832	2	633	-258
4833	5	988	460
4834	2	688	321
4835	5		412
4836	3	790	888
4837	5	617	344
4838	4	738	
4839	3	897	317
4840	2	925	403
4841	1		324
4842	4	708	
4843	4	616	193
4844	4		
4845	1	861	370
4846	2	693	336
4847	4	637	727
4848	4	868	
4849	4	860	171
4850	1	867	260
4851	1		220
4852	4	803	382
4853	2	-685	259
4854	2	611	229
4855	3	729	212
4856	3	819	402
4857	3	580	498
4858	2	-761	297
4859	3		143
4860	4	822	888
4861	4	993	419
4862	5	958	305
4863	5	809	411
4864	2	774	411
4865	5	608	102
4866	5	506	113
4867	2	-500	167
4868	1	727	
4869	5	699	211
4870	5	782	239
4871	3	547	465
4872	3	599	
4873	1	940	291
4874	2	963	
4875	3	861	400
4876	3	632	449
4877	1	-543	262
4878	2	-908	
4879	2	966	399
4880	3	995	348
4881	2	682	245
4882	3	787	383
4883	1		468
4884	1	932	244
4885	2	968	430
4886	5	763	
4887	4	508	488
4888	4	990	
4889	1	-997	
4890	5	735	752
4891	2	-926	135
4892	3	-514	-274
4893	5		492
4894	2	990	1073
4895	5	673	377
4896	4	562	495
4897	4		
4898	5	661	462
4899	3	505	-464
4900	1	606	651
4901	2	-978	203
4902	5	690	-257
4903	3	617	-170
4904	4	664	421
4905	2	598	188
4906	3	664	172
4907	5	-792	270
4908	1	824	275
4909	3		344
4910	1	799	101
4911	2	721	265
4912	5	-955	492
4913	1	857	460
4914	2	-597	124
4915	5	861	-417
4916	4	553	353
4917	5	912	484
4918	1	621	419
4919	4		197
4920	1	725	403
4921	1	716	185
4922	4	787	241
4923	5	901	
4924	5	636	671
4925	3	693	365
4926	5	664	417
4927	5	716	
4928	3	560	483
4929	2	-542	375
4930	1		365
4931	2	846	321
4932	2	879	
4933	4	515	238
4934	4	749	457
4935	3	820	105
4936	4	893	971
4937	3	573	101
4938	4	874	401
4939	4	964	398
4940	4	750	421
4941	2	906	184
4942	1	592	375
4943	3	-788	164
4944	1		103
4945	3	551	342
4946	3	932	175
4947	3	880	157
4948	3	888	107
4949	3		103
4950	1	946	308
4951	4		351
4952	1	993	182
4953	3		-142
4954	2	583	228
4955	5	582	261
4956	4		
4957	1	958	337
4958	5		207
4959	3	659	-124
4960	1	813	833
4961	4	521	
4962	1	780	158
4963	4	595	179
4964	1	666	
4965	5	608	261
4966	2	894	
4967	3	974	455
4968	3	-859	411
4969	1	727	251
4970	1	556	229
4971	5	940	421
4972	3	-654	102
4973	5	825	108
4974	5	664	296
4975	4	908	323
4976	1	693	135
4977	5	855	219
4978	5	505	366
4979	2	827	348
4980	3	887	450
4981	2	-970	
4982	4	530	101
4983	3	895	981
4984	5	-516	-459
4985	3		382
4986	2	815	491
4987	1		273
4988	1	-670	463
4989	4		151
4990	2		135
4991	3	825	364
4992	2	521	339
4993	4	927	374
4994	2	592	643
4995	3	-877	-146
4996	4	-580	-495
4997	5	633	481
4998	5	587	275
4999	5	509	293
5000	2	968	345
